100022088
100139850
100209774
100262475
101032170
101203749
101383536
101643597
104228703
107196959
112078721
135770369
160028613
169348578
169732143
20913688
213807114
219447819
221197845
221446026
223184556
22555121
22655045
22781096
22805891
22907162
23040422
230460660
234141805
235208443
23522093
24505790
24643394
24645071
24667508
24739359
24817566
24881085
24926196
25025964
25111956
25255185
25390503
25502355
25515273
25621188
25658790
25762699
25797231
25815123
25894584
25930965
26055510
26135907
26264733
26426625
26543973
26658996
26703192
26803095
26885715
26945046
26983242
27099330
27164160
27465741
27561900
27668061
27703416
27800907
27848565
27953172
28063524
28128300
28274964
28435473
28519920
28535553
28648752
28680903
28776879
28844442
28950585
29041089
29124498
29451663
29511354
29539347
29674890
29762877
29830026
29949480
30084678
30212058
30378327
30686970
32388682
33601351
33949768
34039798
34175155
34318036
34817368
35012218
35128411
35607724
36321445
36421714
36457894
36554626
36589765
36693175
36695407
36734581
37034236
37121317
37193452
37232488
37292596
37379851
37409344
37542481
37672378
38049407
38084324
38222591
38301014
38315723
38351006
38458871
38492729
38586632
38637872
39044069
39083954
39137891
39176588
39186794
39234329
39397151
39451358
39505160
39669488
39705311
40187177
40230293
40235966
40329656
40347473
40388156
40515551
40549256
40658240
40676168
40714442
40828466
40841900
40881482
41230995
41356674
41397960
41549922
41820321
41920452
41937300
41983623
42342480
42634269
42807909
43015683
43185648
43223943
43757037
44813031
45024735
45600270
45720558
45801348
45906534
45968937
46094181
46147824
46280385
46302606
47278989
48430089
48650688
48852267
49117557
49294614
51416334
51979752
51986826
52034091
52170843
52229079
52399647
52545588
52597302
52727268
52775859
53567190
53677494
53715651
53852238
53876256
54005979
54023826
54049866
54443352
54590289
54739950
54840816
54887190
55007181
55038294
55206663
55758069
55776453
55792539
55910070
55951917
56066508
56107257
56235867
56272110
56386962
56404341
56434062
57000636
57166248
57291900
57415968
57463524
57621834
58207839
58356411
58521990
58641147
58678782
58801461
58822605
58863264
59281521
59408361
59571654
59724504
61327284
62808549
63154908
63690531
63882243
66167214
66756888
94277487
94454787
95391099
95472921
95560725
95665281
95779395
95852880
95961741
96061314
96309318
96557151
96745566
96822402
96932658
97123986
97309872
97511586
97755153
97999527
98198361
98324088
98401470
98485707
98574006
98628222
98760570
98987343
99436464
99646929
99845523
289019152
289732312
232224402
261074351
280888916
39720161
247973132
23068637
23248805
23931884
25255881
51182835
35002228
38621696
39117683
43812294
46848741
47396367
51307356
52384437
90708054
290383186
291444778
193508658
194011038
197068962
198208335
199515726
205753419
211780524
255860000
262786631
268700201
269077301
271635233
279333251
286831891
287918047
36137299
57083718
59682321
269987132
288680761
263525912
47256024
34530793
37287331
40397711
42680580
45424644
49520832
34743622
36596227
39553430
40723226
100092231
101449485
104412453
105644192
107144678
108719600
111902753
119807768
127520738
134399024
142179061
150394785
158635383
168078789
177399132
18433936
19316092
193934067
201861342
20203411
207625926
21143110
213665313
217788831
219427419
22079803
221172081
223132665
225224508
227486130
230085012
23038292
233970404
236060869
237628094
239240548
24022643
241224178
242720867
244500386
246873179
248764472
25026450
250694576
252742232
254729336
256610078
258331916
260121443
26053845
261910841
263825621
265755149
27087381
28057254
29042862
30045777
30874269
34017346
34823134
35706826
36688906
37634824
39659234
40838867
41927952
44542299
45915150
47235534
48607107
50028891
51385338
52714845
53997654
55147851
56377770
57569370
58809732
60047544
61304346
62484324
63661362
64940898
66242079
68932743
71494638
74344530
75917634
77345745
78663705
80308305
81953196
83511708
85093077
86729210
88231335
89737749
91221297
92727357
94254876
95729010
97378209
98647188
21862681
34022599
35603404
37654750
182441463
233689182
234495357
284769857
42650751
50826195
65374380
65420511
90891294
52803666
53005935
53203791
53392155
63543237
37678516
48688851
51449802
444165
40900523
41059497
42095250
284513936
238147496
226818036
229299459
229696704
230339229
230736993
231957681
232433418
232985994
233366340
233796258
234262048
234815965
235356804
235617465
235997407
236194257
236430237
236913997
237644234
238096472
238340426
239190400
239445319
239710987
239985877
240489526
241149049
241686904
242662946
243097220
244166750
247451267
249327023
249615404
249873395
250374947
250947272
251618681
251914706
252445508
252690449
253320179
253669382
253912487
253923494
254421317
254978837
255309269
292481188
292789300
293165545
293794129
296833774
297158833
298635972
299234172
299612109
300258627
301138830
22408790
32265354
36166717
46138746
54578058
56994756
58353420
58669092
59742681
63652098
64151169
66088059
66313062
66568098
66757131
107458334
273839012
105482474
106980056
185101512
50863464
239036984
20538520
21478363
22998506
23402756
25399560
26850012
28463244
30688791
37410163
43273311
43648770
55189530
55402206
55636218
244718435
259330919
44673726
45279492
47364774
49255422
49456632
49649415
50448909
54074430
54799344
56480445
57588060
29082483
24961746
44837220
286461415
233121996
254627873
37157359
50880045
45657123
171623832
229590327
80540466
263112479
194582751
260591462
43284807
43665963
58071456
226967874
300924129
206522583
259057886
242968673
41409087
44621490
45990429
46690149
47310633
54065052
55236720
58514742
58862799
60140199
61372350
62559567
230582886
293046847
23761421
37447477
38795489
38926682
44198769
44265981
49761216
52394832
52459785
57348729
57824154
58028547
59796231
61554504
61730337
6690644
37517284
82225848
34833016
40853534
263759789
264359261
264897209
265127879
272286371
281224697
285012227
262128977
23231444
83163918
98320773
109176836
109471379
109494659
109712168
109764476
37960722
38091182
38224649
38362463
109177055
111274388
38247161
39905237
109743677
35382688
60104520
64888596
68812815
268070087
154884210
217153569
240792061
42660051
43980837
45379557
47874669
54590604
54858945
58169910
58358064
232738350
55268202
57152112
285426775
57618135
58719618
94506966
54017532
240935869
201994221
52739964
64963029
51667863
243407084
243663143
227307171
98704230
78703603
251230472
255611414
256491680
257014478
257353508
258218900
258787928
260298635
261839864
263018468
105264996
225656491
226131003
226509954
227016507
241292002
242386077
265456454
265689236
265988498
267005318
267753374
268352837
213852681
214745805
225517095
226150323
234881312
241646560
272800334
230020158
254051951
235812239
238728277
201639264
202018947
206442087
207138105
207823911
219449076
184078482
201091959
272573552
284124419
269818739
269280215
270316526
273326306
273670373
273962933
274279577
274693166
275050505
275432858
275763035
276050819
276410513
276747059
277862357
278329409
278700686
279088811
280133375
281573618
282647285
283001288
283662287
283921328
284694488
286120237
287186092
287500873
291759682
292141045
295399375
296206753
297413074
300469212
259784660
120170681
37388854
51040005
98092218
160600113
161863509
163094718
164851644
165770949
166644465
167173878
168524865
170013708
175334712
176500140
181352016
182667264
183811269
186292701
189991623
191174802
192286209
196657716
202900512
209598354
209605929
216327336
217130862
217372974
217610226
217812780
218079597
218278047
218848155
219092325
219312954
219447468
220588737
220801305
221028663
221235126
221542530
221718474
222687366
222933009
223242771
223520310
223958394
224535483
224783298
226772733
227009823
227495649
228453141
229218327
230591619
231226014
231547740
233361129
235231481
235885217
236608350
238572384
239643619
240149704
240406699
245158163
247230545
250322645
250472327
250777019
253544018
254536367
256053647
259942979
273473630
279999719
292327501
293628895
299423883
299968575
27734757
3275792
3322418
34754521
35486623
6807359
103991523
104257341
105424403
105857870
109639847
112300235
129540245
260861063
272861648
56999490