33526548538.56,100022088
1622969227.2,100092231
221741624376.1,100139850
37066030911,100209774
10703915363.75,100262475
28523358051.68,100401009
29602361066.780003,100630299
157806289811.09998,100961421
25033008132.69,101032170
26459463166.4,101203749
26218400607.36,101383536
1921439736.8760002,101449485
94089398596.8,101453688
100781732077.4,101481765
40016238515.76,101559564
94205816775,101643597
52653910825.5,101716305
38705351082.99,102004068
30436015144.999996,102210078
17959610057.760002,102233529
29409545503.08,102412842
34284610674.300003,102589743
35830585486.549995,102681327
7305303947.83,102763911
44037703034,102946992
22189487265.699997,103054365
37002180338.64,103131639
8553826443.599999,10319051
31745425653.07,103360560
47898698225.2,103542429
28721255485.199997,103582791
27280926671.94,103756152
190916519060.4,103853349
69043537695.3,103938969
22708443636.190002,103991523
52658968825.56,104030124
35275939450.78,104127630
194271543020.6,104228703
22561021929.600002,104257341
35181586921.83,104308773
43976679085.85,104399625
2091447350.718,104412453
35163195112.4,104426949
244657184835,104435757
8993233607.529999,104446452
11467731820.35,104503341
19930401684.18,104627700
17678913927.55,104742177
15819888996.84,10480439
36448351099.2,104926623
20412139307.34,104982399
204857243188.8,105085365
61539220227.1,105144333
18368104794.969997,105170727
48248802663.75,105264996
23780175746.42,105275466
17811495819.600002,105367062
22622552801,105424403
23321393618.16,105482474
40143997434.6,105577055
2909131758.486,105644192
173778029051.19998,105674225
22256410728.16,105712343
39610736874.14,105769253
23299985154.239998,105857870
140226387991.2,105861029
14695643354.490002,105925310
19317183623.329998,105970265
16886328948.449999,106196561
59164204416,106310138
58714687886.4,106436867
18477581044.78,106659971
33850248886.440002,106861853
21987164960.61,106920161
16343182298.1,106980056
38083003651.71,107068838
1732069626.404,107144678
216916181875.19998,107196959
19572456126.600002,107220431
39420106391.67,107274962
167969370718.1,107384876
57523245242.4,107458334
19729452703.5,107487827
15588356903.32,107912549
15820784144.140001,107952596
34463908151.36,108149753
184899731950.5,108264161
26788397166.960003,108290141
11441956561.14,108291185
16088201065.199999,108418511
36745353406.08,108491948
21149558799.36,108507626
40843376997.74,108608510
2126263746.015,108719600
27992130406.4,108731216
85054586625,108751226
23014493452.04,108812564
42447302353.08,108869930
138553396927.5,108990536
21929864586.29,109082948
605728888484,109176812
651978782373.6,109176836
1487391509326,109177055
57619316877.48,109471379
34617707415.06,109494659
34624645384,109500560
29654330550.840004,109518374
62973586655.200005,109530632
24213356016.35,109639847
104713042688.79999,109663199
35098740134.64,109703486
66179410997.4,109712168
59679712009.92,109743677
54212484173.43,109764476
24536130937.5,109885475
234181431032.4,109948913
44161511263.76,109976912
22867475477.1,110038448
47028225522.060005,110088677
34662274197.45,110185568
148817306585,110291195
23802132820.3,110346632
35400160078.14,110400071
209248780120.6,110528279
23834269471.32,111161282
167834091103.80002,111167486
1036359187200,111274388
192818630734.8,111394394
5484152020.956,111487517
23510368875,111598481
44557299879.97,111623984
1539933592.6450002,111902753
168880103084.8,112078721
22001486305.73,112300235
207119225634,113255252
27810935078.88,115387619
18415359224.64,115477223
15311795988.480001,119253944
3623289768.708,119807768
4419396458.389999,120170681
22114471140.05,123782711
7389758431.320001,12713165
1385599018.232,127520738
70889320511.64,127852832
171695312756.8,129540245
221753069308.2,131539604
27441152607.2,132127208
34402896762.299995,132966317
212642797555.19998,133643945
57524701792.799995,134037761
1072696309.531,134399024
170389710572.19998,134618909
108340047286.8,134662703
37584427827.1,135121829
193442627728.5,135770369
26590983998.6,136075085
91406946798.09,139365470
37834931016.5,141657442
42632400933.2,142077877
1069090151.895,142179061
29758960886.319996,143373867
28080534942.899998,143520261
21398017626,143685783
37969522149,144405924
74396089275.2,144965784
28730603429.800003,146308071
16153713877.759998,148533558
23932505502.399998,149131047
36967132541.7,149761455
1148157447.426,150394785
22399197897.51,150824406
104129750088,150958785
35816563901.3,151584714
26431326054.18,151718925
123489315583,153167256
32081000728.9,153610047
74972829292.40001,154046715
22638079509.58,154426083
23580085657.649998,154884210
192352295509.30002,155108928
37687344504.56,155580300
201766151640.5,156321561
5947367020.488,157449495
1036290433.58,158635383
85522219312.5,158721813
18469949323.72,159075633
33256161162.63,159368139
70333632996.66,160028613
24027137740.41,160125084
35321881969.26,160194279
232758370680,160600113
188289529840,161863509
107084906921.1,162104043
204511934655.6,163094718
222127155488.9,164851644
48347506743.96,164877246
142711470462.4,165583206
284505284505,165770949
76434836309.33,166644465
80687332930.79999,167057985
80663638100.25,167173878
44221845850.2,167576391
1419058834.3920002,168078789
196433410328.4,168413445
328803794808.5,168524865
46696222092.73,168915717
88743033864.90001,169271259
42425048563.32,169348578
23660429018.8,169638822
141100467535.6,169732143
346017761237.39996,170013708
44171251809.6,170253114
289957391788.8,171623832
157470052782,173698962
170170290161.09998,175060617
356333064438,175334712
22544062206.93,176025957
288966069170.5,176500140
20271499090.640003,176500218
2151839216.285,177399132
217790548258.4,177732882
23116069566.34,177870402
23952271906.999996,178773372
225313825356,178942098
38954384209.88,179059548
167877354785.80002,181352016
45109551067.24,182441463
128232923807.4,182667264
14224487428.5,183206229
106851199078.7,183682308
244567684787.6,183811269
31148364883.36,184078482
1444205213.4720001,18433936
13207276633.6,185101509
13207248465.6,185101512
18302850572.579998,186152661
204403335099.90002,186195564
180995624310,186292701
148613642213.4,187158042
22771965120.57,187182048
34570219754.55,187243116
39019596693,187248942
43709627562.2,188135274
129628876540,189098289
209858314787,189991623
321646225152.2,191174802
338587169293.5,192286209
2037647295.568,19316092
459238285863.6,193508658
1785631535.181,193934067
206138494731.19998,194011038
22753424057.04,194321829
49166000325.119995,194582751
72182102407.1,194828058
75405919249.59999,195061134
17220274752.87,195664683
331788327148,196657716
142843114167.6,197068962
55244782781.6,198196860
398153836121.30005,198208335
16281159082.32,198917031
240533505119.3,199515726
24059447350.98,201091959
311028463594.8,201254268
136003068001.5,201639264
1552205563.083,201861342
171904484805.19998,201984585
146941455105,201994221
231012838290.9,202018947
1370808220.549,20203411
289670435750.5,20238400
22718500070.690002,202622085
191605073532.8,202682076
124535412176.8,20268889
26033527951.27,202733616
7728796234.56,202739352
379427341484.3,202900512
52213877178.4,204165966
127034599568.59999,20538520
254258495512.6,20541724
235070329098,205753419
19489918086.600002,206045298
169205962629.6,206344740
305721598611.5,206442087
68737538824,206522583
41533454748,20685784
332104118040,207138105
2228094868.172,207625926
193149511003.8,207767217
236143361410,207823911
168182649087,208478559
39554434721.3,208708716
34111943728.600002,20913688
198664310577.6,209598354
2959051270.24,209605929
23741270609.04,21047848
2064238817.1350002,21143110
119125786612.5,21163987
294943214846,211780524
194945205621.1,21319852
21063460363.47,213623427
2760357099.336,213665313
35872732425.6,21366847
191699683066.19998,213807114
240303763461.5,213852681
108409205977.09999,214042632
12970908472.150002,214270566
21355333497.809998,214420398
39557137292.44,214626720
74520592982.31999,21469963
432318080792.5,214745805
177320541024.8,21478363
56166987424.38,215746164
121696088851.20001,216327336
17096261391.849998,216577578
169569118698.30002,217130862
60595316632.8,217153569
217397456533.7,217372974
34767492641.840004,217408473
290968872904,217610226
13410413174.4,217612326
1630990628.4810002,217788831
266854720505.80002,217812780
218347418881.5,217824309
158775392884.5,218018337
296535044043,218079597
182753608217.6,218278047
7881137021.16,218415021
13916788451.999998,21862681
314714045628,218848155
379774671001.2,219092325
76199684349.3,219254019
417337834674,219312954
3733852244.4960003,219427419
39388039741.44,219447468
139360953871,219447819
4706018547.421,219449076
64771857734.38,219533418
135884967637,219698946
34987575272.65,219977307
138786438018.80002,220534917
321435703600.2,220588737
2013340354.192,22079803
311273929886.4,220801305
49463219343.36,220954368
339725970399.2,221028663
40893387926.9,221151540
1872332988.4710002,221172081
93801009233.40001,221179215
46486502651.86,221197845
296786148393,221235126
169251154994.6,221446026
408697430436,221542530
156465125172,221718474
50028596759.61,22242182
453536226768,222687366
25577695241.4,222914250
310275868770,222933009
2477443030.4760003,223132665
188005274865,223184556
22563064191.36,223237515
378460189230,223242771
177650846969.40002,223462122
322128128851.2,223520310
412239277937.80005,223958394
59001485346.600006,22408790
34634945374.98,224228187
281900675060.60004,224535483
262070282650,224783298
22596919380,224969607
2197088124.07,225224508
258932022632.4,225317106
1918056772.632,225517095
115212574596.29999,22555121
39545958667.62,22557065
56317615066.7,225614868
223915853070,225627030
351601861114,225656491
228655966424.40002,226131003
541840029494.10004,226150323
67459100288,22642766
50191419186.399994,22650446
227399184068,226509954
26527740491.7,22655045
356522135608.80005,226772733
314126235466.89996,226818036
58281613938,22684247
370030676546.3,226967874
207585489899.30002,227009823
167978998926.30002,227016507
88701877606.4,227236014
52149146510.01,227307171
42127825504.259995,227310828
3268523314.232,227486130
103224227092.8,227495649
61869004916.4,22765991
75551289882.64,22781096
411797411797,228006582
44989926158.079994,22803599
31508080945.199997,22805891
361930773452.10004,228453141
64690021691,22899056
39497864500.71,22907162
238656339064.5,229199637
264941006772,229218327
308595851564,229299459
40612664720.46,22933085
25346861729.28,22944128
212748581295.6,229529460
155621680696,229590327
446532848410.8,229634685
138927569600.7,229696704
88416349952.4,229769271
17527217600.879997,229933026
257217462990.6,229942716
164876949564,22998506
250056800396,230020158
1979275301.892,230085012
267685455064.5,230182347
58913643776.00001,23022932
381732023169,230339229
2351541637.65,23038292
89144160562.4,23040422
127279165948,230460660
37808018600.73,230582886
261027208821.6,230591619
59396536926,23068637
316791615629,230736993
289056814051.8,231226014
114705206402.8,231261489
205728156487.19998,23138855
46922654539.32,231547740
60486192072.200005,23173499
38399660297.36,231936804
340930772830.8,231957681
66719137356.71,23202932
30739045900.030003,232224402
36505343413.89,23231444
250907204348.8,232433418
30252256574,23248805
29652527435.65,232738350
450128057148,232931994
360304693424.10004,232985994
17280567790.2,233121996
135246537792.59999,23313155
505654073173.19995,233361129
309198855182,233366340
64305732711.99999,23347847
23695475497.5,233689182
99159787862,23374577
270139943985.59998,233796258
41025345028.8,233894481
2615021514.5160003,233970404
55271404918.13999,23402756
279442166253.6,234141805
38943247083.9,23422085
509309407447.2,234244815
248548045422.9,234262048
1120832064.82,234384491
140908244954.4,234495357
358160405318.8,234815965
54727125482.98,23485562
555386833079,234881312
281128938366.5,234951812
266217633448,234997267
270410683096.8,235208443
138113162208,23522093
120570204969,235231481
405536393562.3,235356804
30265476540,23539895
40639185764.87,235502012
290949520446.6,235617465
101485166596.5,235666148
20516357854.3,235676766
457886318744,235812239
65057788155.96,235885217
272401486694.4,235997407
2096039013.2759998,236060869
40862111403.84,23612024
23385534432.46,236137229
363103393497.9,236194257
7076045955.030001,23626343
2735365870.86,236406453
275151604438.8,236430237
276819003448,236608350
55593000656,236665799
31638931620.899998,23669660
67063595650.99999,236853342
408494187810.3,236913997
551715365443.2,237120068
318572822828,237143992
73952614723.56,237222411
176152501330,237251402
302435332678.5,237296682
189134061538.80002,237341623
56313135851.7,23744033
36108888480,237452373
315243143638.8,237462379
383639680347,237539460
5088687747.839999,23761421
1647550185.0080001,237628094
133066862910,237644234
192658051026.59998,237806204
381486226289.7,237933167
26798186928.84,23794955
256468975005.59998,238096472
375575051607.2,238147496
284996849940,238340426
290163783440.1,238353043
453556678153.5,238572384
209286616050,238618082
87270654366,238728277
194866311785.59998,238831486
279761295323.4,239036984
91270407904.8,239140128
301081830142.60004,239190400
2402402504.8840003,239240548
35353870399.36,23931884
22439865636.38,239368294
460649921298,239438581
296158257705,239445319
39862563191.55,239549989
218754471897.6,239643619
38081927997.9,239677315
395497022748.39996,239710987
51590717512.2,239955727
318093520783.5,239985877
162793211630.9,240149704
2003473802.951,24022643
263994029572.69998,240267175
291625437437.5,240406699
376085287323.39996,240489526
27504966931.5,24062132
310126194266.89996,240701860
31109080078.89,240792061
319576154436,240935869
291498789435,241149049
3122735302.037,241224178
224153827848,241292002
160077192092.4,241646560
347196992719.5,241686904
64066229669.92,24183353
305087793226.2,241960774
376949490033.7,242139112
319582263689.6,242192570
358608645494.4,242365965
33112217979.38,24237977
303234094882.8,242386077
37056328929.5,24252641
283084226467.2,242555441
9580367250.3,24256412
307047623119.2,242662946
795996118.225,242720867
276435695707.60004,242788394
25366429701.48,242968673
117989570918.4,243017591
77106227329.56,243050066
310427647954.2,243097220
188518904886.4,243332378
285125364439.60004,243407084
78456306285.64,24358985
202339364210.2,243610445
283446287938.8,243663143
211617380910.6,243925322
168697475987.6,24399005
28949023219.28,24401831
164294949382.4,244047725
448034989236.80005,244166750
230586112870.5,244434764
1985423635.948,244500386
150893541758.9,244638305
402801054274.9,244647014
114142244136.90001,244718435
424756891987.6,244955525
446327221967.39996,245020160
86905340684.70001,24505790
214314586467.80002,245158163
368498006419.6,245272652
33548320488.52,24533120
309489282504.89996,245608502
162135335246.40002,245841119
321579698124,245922653
179177239687.5,246142106
298654985558.2,246391589
1670816781.759,24643394
2489216935.711,24644357
1945058188.0180001,24645071
330326897811.4,246497807
266942548257.8,246636647
55577974189.79,24667508
33796877598.840004,24675932
386571711052.80005,246802484
1703453030.802,246873179
331507486287.5,246967718
414503637172.80005,247112927
188486960071.5,247230545
32785437530.16,24739359
535742160964,247451267
275774379243.2,247837373
359964319520,247973132
192926610835.80002,248044940
144535901955.19998,24817566
319819933736.8,248207084
46087607001.28,24828495
359501212692,248460266
319664689930.2,248682503
1351102450.263,248764472
37018758988.200005,24881085
27791528141,24889818
355761589265.3,248984951
192839393913.59998,249114569
130115855070.00002,24926196
428106265642.3,249327023
31411288434.5,24938559
336781973980.4,249615404
179832521299.19998,24961746
327490167033.9,249765326
390768767320.8,249873395
303903850928.39996,249992282
57942196276.23,25025964
1985136928.2,25026450
490283628840,250322645
322080736093.2,250374947
258640181048,250472327
22282959344.28,250530644
46863519204.5,250548923
23443749768.379997,25058013
1210251819.139,250694576
151348075674,250777019
32470503400,25087557
336639342591.5,250947272
122310698633.1,25097721
171883814524.80002,25111956
314094549228.3,251230472
341198094328,251618681
21035336075.42,25182948
311862989728,251914706
201757113360,252287555
3475406519.5,25237515
148116010767.9,25242333
403952928165.60004,252445508
218064261676.80002,252547151
181830254368.8,25255185
48592801273.5,25255881
321644988348.39996,252690449
994772944.188,252742232
296547148273.5,252875666
277804166855.60004,253195205
506905640376.9,253320179
280284204200,253544018
60298938979.200005,25356885
466741067555,253669382
126096274057,25390503
285324162868.8,253912487
68830315033.04,253923494
133757498067.2,25399560
15923704856.22,254051951
339698713365.80005,254073248
205726344168.30002,254268845
350904210800,254421317
65037618783,254425112
257513291847.9,254536367
142801527960,254627873
1336245107.885,254729336
49629480224,254887061
380749947413.5,254978837
67373381025,25502355
36017904013.98,25515273
249696720425.69998,255309269
286599843455.5,255611414
302723208832,255860000
428900031622.39996,256053647
37402830567,25621188
280333586426.39996,256279283
199335288978,256491680
10689102192.96,25654260
113372383666.5,25658790
1933882559.6420002,256610078
26731591035.87,25672170
295002740505.89996,256729424
396518449680.5,256818395
268782550354.5,256945133
199199705045.59998,257014478
314748728322.6,257256461
253187379939,257353508
328279886353.3,257484449
58809457577.8,25762699
276888483812.5,257681816
289640650942.3,257917370
132227102934.40001,25797231
201782479471.6,257996705
87071546016,25815123
309717710892.5,258155705
71335852900.8,258215978
225114688347.5,258218900
2748755551.919,258331916
128813687437.20001,258437408
313334318656.8,258787928
39881605307,25894584
326626560190.7,259057886
160504606350,259199498
118125326217.59999,25930965
282992207322,259330919
246827369520,259518689
227020524357,259541639
213180344958,259784660
27162988814.5,259934912
404567588024.60004,259942979
1320465484.224,260121443
406583365924.7,260261468
269098995662.6,260298635
165682689946.19998,260527388
3734686235.9040003,26053845
65252488585.5,26055510
265054286632.4,260591462
274693186404,260861063
188125731649.8,260939795
241381596532.19998,261074351
275395321891.2,261193508
138806919312.5,26135907
275307596774.8,261600776
248531261613.90002,261839864
323844874378.8,261858944
2027879208.98,261910841
190599133419.30002,262003958
21533900025.149998,26207823
279194764000.8,262128977
344556344556,262371014
177404741206,26264733
320997856855.5,262786631
474756270265.8,263010911
275610618276,263018468
11626722777.6,263112479
276966747808.2,263176580
266433261034.5,263247113
130425947961.4,263373128
20746843991.18,263401589
314284996610,263525912
48121883766,26365329
223384787256,263666375
275647921837,263759789
1979978969.9640002,263825621
246057098422.80002,263903645
68078532882.42,264266036
201533621634.5,26426625
294387297991.8,264359261
306993368391.6,264553133
239663766921.6,264776591
355919879484.39996,264897209
136232811872.3,265127879
410193492231.60004,265146464
28145963771.879997,265231970
264944741843.2,265323746
106280600462.40001,26543973
264407983045,265456454
372154813922.5,265631462
308089033374.2,265689236
1628114512.432,265755149
306407696364,265988498
248434571398.2,266210915
37627660680.92,26658996
238729291779.2,267005318
131355374736,26703192
472364850255.2,267380255
222389868059.19998,267753374
189056098499.40002,268018262
36138250618.8,26803095
100114640729.59999,268070087
31283871505.460003,268194194
239684396820,268261457
321743155664.7,268352837
24858493990.24,26850012
286734982012.8,268700201
510756021510,268729121
127973850363.3,26885715
442409574290.4,269077301
185938919195.19998,269280215
35665560347.67,26945046
23166218582.77,26947857
397894297212,269635982
18105863392,269818739
122413547565,26983242
257726041131.4,269987132
567736747037.8,269997191
424374230681.7,270283838
517188499500.8,270316526
99254441125.5,270632393
2479810934.421,27087381
104592970921.8,27099330
243714340421.5,271167353
6242710273.83,271604099
430425347252.1,271635233
140459294304.9,27164160
134130063756.00002,271703270
401477095024.60004,271874675
441474178591.2,271918262
85344365102.1,272067092
305733157914.4,272286371
218516480735.19998,272417675
14012146038.869999,27243303
45821215258.56,27248532
15567693295.76,27254925
297501176430.39996,272573552
304507334957.7,272800334
217017710939.40002,272861648
74473488430.2,27313440
391661681585.2,273326306
92143628428.8,273449684
172906311230.8,273473630
325121251180,273670373
253456430875.19998,273672326
4444243324.3,273839012
227652026085,273962933
382144713208.19995,273969527
59997656058.98,27412290
41867423520.840004,274194710
432301138589,274279577
736497945980,274360259
176183071734.5,27465741
476458527925.8,274693166
166440961556.8,27481461
380853417848.4,275050505
304738542891.5,275285090
369407952622.8,275432858
92187739162.5,27561900
386396660610,275763035
688824345600,275911931
262125786375,275987639
233558896094.4,276050819
226877059245.6,276410513
126651181374.2,276636485
35227497411.619995,27668061
294935954840.8,276747059
123051234636.8,27703416
30522288167.84,27734757
21545416348.17,277512437
179905799040,277525811
164265042782,277862357
58473253093.600006,27800907
61269932165.600006,278020568
28932423634.92,27822903
240184810129.4,278329409
641436373305.8,278397806
84697581415.2,27848565
232043390022.3,278700686
33980127963.66,27870834
100551803828,278748119
304432922528,279088811
281550843634.8,279333251
107274232665.6,27953172
115208114437.5,279586997
331897796552.8,279663815
298773089631.89996,279999719
266482611504,280133375
113920344244.2,280134494
142735177832.8,280375313
3513203068.272,28057254
89908844068.40001,28063524
285783600828,280736285
9465678592.39,28080702
267969198501.6,280888916
133729946050.79999,281090216
309161597478.3,281224697
136731806723.59999,28125324
124955775242.5,28128300
138964315494.9,281404910
134694120341.5,28140645
157917888341.19998,281406572
303434821917.60004,281573618
266045558694.5,281749238
277722665662.39996,281799572
89562178840.8,282001019
319249331374.8,282221534
98093414010.9,282258800
54966056640,282642992
388511293781,282647285
169753965079.2,28274964
115726767600.4,282794630
58933706400.9,28280130
296315829682,282840191
97645105941.59999,282978362
209287106177.30002,28298184
275363617303.2,283001288
99988992584,283337318
327849229200.5,283662287
99328151821.5,283673663
49965557869.92,28389306
338611656966.4,283921328
98367803408,284004329
32959410819.530003,28404255
148454854575.3,284124419
233521794752.40002,284208134
148351463660.4,28435473
15228417844.16,284363504
642476027960,284370734
100135322798.3,284484158
13036183452.15,284513936
67415169640.91,284589431
46994823164.520004,284616920
179735723235.2,28463244
102566198060,284658374
98589995078.40001,284680910
401002090179.60004,284694488
24269644511.68,284768027
27665587315.52,284769857
192283249833,284847596
107976266203.5,284877944
295325425735.2,285012227
22896487320.3,28519920
54682304641.8,28535553
416464540913.10004,285366177
76826025544.8,285405136
351011265782.8,285426775
135975834720,285835147
133539891874.4,285892582
309404784618,286120237
57389765899.71,286248886
305399725831.2,286461415
63960049052.200005,286483249
23522590145.739998,28648752
279144809517.60004,286685233
55155487825.1,286750966
111094354751.9,28680903
335425287135.6,286831891
96489247969.2,286921141
309734734504.8,287073538
244862668974,287186092
400108120299.6,287458849
260347499312,287500873
152045014413.5,287543743
7936994019.400001,287563492
74277045227,287636944
20026212940.8,28776879
72844954432.59999,287915104
278550453982.8,287918047
144711810965.7,28844442
145329575894.8,288487321
335378353750,288680761
450097426485,289019152
33236438150.859997,28912698
146331439228.80002,289158103
26517778109.030003,28916571
191718555982.19998,289195195
314233205146,289281109
136916020736.09999,28950585
403829824608.7,289732312
107747470504,289928422
230889548434.5,290003932
212306636918,290039089
742816742400,290301985
466677540030.8,290365294
312497781177.4,290383186
49278884945.68,29041089
3119234124.7650003,29042862
170264791637.4,290508805
12620638245,29082483
308747617494,290985391
85481696972,291085399
170551335201,29124498
302230928951,291444778
79967589235,291515089
338578103723.2,291686191
317732035145.6,291759682
356768927596.80005,292038235
326703136320,292141045
136365658902,292245277
126894493633.5,292327501
329445645118.1,292481188
199280458344,292673038
257737685596.2,292789300
97634281063.20001,292812703
142334711685.09998,292828141
127731460789.79999,292933021
224267291547.1,293037529
95312140185.6,293046847
365974611222,293165545
106347673674,293354881
33969403872.43,293418757
287275309065,293487307
219014620696.19998,293628895
311527236712.8,293794129
202614007410.1,29451663
31840131413.870003,29511354
96184624132.2,29539347
248604082652.4,295399375
247093792128.3,296206753
742392345600,296343595
341808400487.4,296573827
128246720782.4,29674890
339144985358,296833774
265617610919.1,297015106
133830030950.09999,297115213
327441256681,297158833
263111552157.30002,297413074
30274994560.649998,29762877
329410308024,297633634
58986609585.28,297827872
59145711756.549995,29792010
320417197410.3,298019598
116818060553,298146405
126607750341.20001,298209471
102767067487.4,29830026
279774469160.39996,298338147
345940462574.39996,298635972
153402208029,299003766
58383933860.8,29901198
17920320194.91,29906982
307924850461,299234172
46079305511.5,299242131
80096052946,299258094
150482620728.9,299275995
86522755370.08,299423883
20779235103.26,29945592
162683953614,29949480
294837800932.5,299612109
502820061553.80005,299968575
443452498742.8,300258627
13297840867.079998,300347580
3206060394.592,30045777
293798616975.8,300469212
214055097625.59998,300550905
142842546061.69998,300645633
350357414447.80005,300833613
133303263475,30084678
149234846938.80002,300924129
379076624678.39996,301138830
63056506053.5,301630629
73436748878.3,302108979
172760708775.6,30212058
30641733958.399998,30216789
135983005628.4,302978587
48674083557.96,30308394
55043148275.13,30335589
195638415112.5,30378327
28296545284.72,30443784
47759734495.13,30686970
18338285822.34,30688791
3513759821.472,30874269
195963734610,31624089
162525882243.30002,31812564
223585478741.9,32265354
33875219922.5,32388682
14652992984.6,32396638
5094724764.65,32419534
92101375891.7,3275792
51496096130.4,3322418
808840438.809,33422905
98882052864,3353448
165127566190.4,33601351
13882600846.800001,33626692
54597426292.1,33738769
210347030567.1,33949768
2918521914.448,34017346
10806460050.1,34022599
24613396015.030003,34033357
152357297118,34039798
27305054576,34054540
126332520777.4,34165144
156053891232,34175155
68235903611.7,34281838
170947707840,34318036
17385752734.31,34422316
16022153680.76,34426060
18308437866.39,34530793
16869823848.55,34538887
164724910804.8,34733356
23588070862.370003,34743622
55292916204.9,34754521
6683583408.840001,34757077
31642064408.46,34817368
2907022351.968,34823134
11744189969.6,34833016
23940124748.15,34839373
165593972260.80002,34850377
23954528650.77,34861207
138095131996.8,35002228
217865942945.3,35012218
175217598693.9,35024098
116347449081.6,35122324
133963035644.40001,35128411
194221656463.8,35148631
18020695700.07,35149306
24244276192.5,35382688
12633534744.32,35485516
38367600306,35486623
370453137247.7,35583889
13651789038,35588899
46584941579.049995,35603404
115195563352.4,35607724
114792532176.59999,35607784
3448550008.464,35706826
88701264405.59999,35860333
7425350212.5,35906983
52172464806,35931460
150354987336.80002,36003949
25057144426,36120835
177333938058.9,36137299
57642618622.99999,36166717
39846710391.3,36268774
14576985393.75,36317482
114926344087.5,36321445
82471224062.5,36421714
22022077492.8,36449938
98594624064,36457894
68165836248,36554626
27048891553.879997,36562660
25288246625.280003,36572893
84734034946,36589765
27868707480.390003,36596227
2776099089.537,36688906
76135829480.09999,36693175
7758898079.250001,36695407
25072273118.96,36707287
11842518142.470001,36732799
29683096489.8,36733201
108291415547.4,36734581
1123220044800,37034236
192342234523.19998,37043425
27656993999.25,37104820
74141406401.40001,37121317
52533860621.64,37141267
13178927377.8,37157359
19023788720.75,37158967
210166853606.4,37193452
255293259704.1,37232488
91998798408,37253353
26216558132.8,37287331
115695493488,37292596
349762742306.4,37365472
68791214446,37379851
13441142256.11,37388854
62193816997.2,37409344
22125959205.36,37410163
14044118889.57,37420003
29404475642.88,37427602
55890142354.8,37447477
387403359960,37492690
71703882696,37507762
13852281056.220001,37517284
92894007843,37542481
26731101817.68,37546579
373204006340.2,37621750
3415179107.5039997,37634824
73400937369,37637596
27882041659.2,37654750
87089921182.20001,37672378
25767330321.239998,37678516
36951761929,37960722
1123217971200,37963146
26387525110.949997,38028227
87325892111.7,38049407
82826173260.79999,38084324
64401730536,38091182
360551557797.2,38164847
93215965046.40001,38187212
7524200643.48,38216438
96020939628,38222591
95217142062,38224649
112792437318,38247161
361309935929.8,38301014
27229651080.87,38315723
77869029225.6,38351006
89356008379.2,38362463
389868977604.4,38443826
71440416702.8,38458871
85739179160.7,38492729
52444624379.45,38506436
170186181617.2,38520686
379145216226.39996,38577887
40710093463.48,38586632
44486051417.25,38598260
174773749882.2,38621696
106537988190.6,38637872
206673090293.6,38795489
142222367646,38919032
83637332591.9,38926682
1123218144000,38947028
32248773297.12,39028124
62417978441.95999,39044069
94091143610.09999,39083954
152625484191.4,39117683
151910979983.4,39137891
242424479550,39176588
39331745533.2,39186794
99508196290,39234329
26054257737.3,39236432
350846665362.9,39327785
91775940071.2,39351872
13803175981.079998,39375293
19685177176.05,39382919
113727431879.9,39397151
140375118729.6,39451358
73441989969,39505160
12786653327.36,39516677
26870021103.030003,39553430
462621909913.6,39651548
2418325919.402,39659234
58177376373.729996,39666872
8654850552.3,39669488
26301008944.999996,39690521
71671050314.7,39705311
23445630495.56,39719309
13852708597.8,39720161
171459207654.69998,39905237
1123220390400,40056032
94017998278.8,40154966
28918110760.109997,40163936
82004743759.59999,40187177
88617240233,40230293
18955600277.670002,40235966
357913011948.6,40329656
66638908288.799995,40347473
79052582374.20001,40388156
24597668023.260002,40397711
386381908601.6,40495391
77716410710.4,40515551
9183001738.68,40522373
21478347964.23,40543157
76441646400,40549256
39418414917.68,40567613
391291382921.6,40658240
72955050817.5,40676168
10954006656.93,40686446
14553123670.300001,40705358
78123510049.2,40714442
36911935440,40723226
48294707976.99,40732139
380617958227.2,40821671
28572147252.000004,40828466
3264710244.3,40838867
39959182625.84,40841900
11916620763.84,40853534
16238001781.68,40863734
82608316509.3,40881482
190691243865,40900523
16120465955.25,41049621
22365151744.829998,41059497
1123220736000,41230995
28244002508.550003,41336538
70771101700,41356674
92895136839.90001,41397960
33321977435.670002,41409087
104402835618.8,41454186
372515396691.89996,41497527
36538722176.85,41504766
131252167292.40001,41549922
13070640150.449999,41555883
21396067399.489998,41556123
935371177902,41776368
34607109372.65,41781981
128594770759.00002,41820321
19809578556.6,41828388
383625442013,41920452
1724841591.502,41927952
72927615324.9,41937300
22829455604.61,41982486
103073576006.40001,41983623
66688890763.8,42095250
1123220217600,42342480
203405997960,42469233
87127635288,42634269
44407417032.96,42650751
25060325198.920002,42660051
20432509878,42680580
70128645699.2,42807909
13764157247.160002,42838971
21328476907.02,42847314
10730664182.82,43012998
108804041268,43015683
19505633916.600002,43055778
60506146290.95,43185648
24081393483.899998,43192863
92829978099.09999,43223943
22876642852.2,43243623
157419883249.2,43273311
154549481805,43284807
30605127287.46,43397865
203496202903.5,43398114
171322600635.19998,43478214
174827124713.1,43648770
235867741344.59998,43665963
30885240134.969997,43757037
85915146390.90001,43812294
24141631507.989998,43980837
14060429594.91,44025861
103464855529.8,44052195
16021065392.890001,44198769
25611322830.329998,44214540
39461249749.5,44265981
29056802383.52,44269626
28439909239.79,44373831
157175558560.3,44396364
103166885031.6,44398188
30933437802.8,444165
2510246694.9,44542299
21228939495.039997,44577168
106533415732.3,44595450
20742977505,44610468
36835318752.67,44621490
87392009970,44673726
189187738900,44813031
16098546458.05,44837220
114095533959,44978313
204479412350,45024735
102422543430,45279492
24229798275.149998,45379557
49744866326.4,45414531
21125001186.84,45424644
105843193094.7,45487488
17799529484.45,45578355
173445279772.80002,45600270
19092609175.89,45601347
105216571115.8,45650550
39190847990,45657123
363997633031.60004,45720558
23207225187.899998,45794127
214985487915.00003,45801348
342690700957.39996,45906534
2426947522.406,45915150
15990384859.36,45948663
169658154397.8,45968937
17071691255.91,45977955
36133931374.200005,45990429
82375010336.8,46023237
380812252990.5,46094181
128853048317,46138746
143740673640.3,46147824
409467680136.89996,46280385
70899369684.79999,46302606
73026440727.5,46303008
105883411699.40001,46580490
1123220736000,46677081
25156258989.359997,46690149
47992009156,46723233
16675482728.13,46732674
47867255396.8,46767129
246962249163.5,46848741
10855209607.2,46880274
38985374210.72,46901112
80219297351.40001,46903596
19108384850.079998,46912011
41376654412.37,46966833
32825318436.84,47073648
71364928499.2,47189949
2739205737,47235534
108222733555.5,47256024
1122826579200,47278989
19650171961.030003,47300421
29951897989.760002,47310633
1418044158.434,47317929
88755183997.2,47364774
118383942497.8,47396367
28651886421.6,47874669
17990074071.04,48090900
21906343436.25,48275730
35947479200.799995,48430089
33035659883.5,48438663
6555134084.35,48458817
2519858012.3910003,48607107
25577501540.76,48640584
34871547895.76,48650688
42499614193.5,48688851
20638069545.84,48706815
79092106341.3,48852267
183676094992.5,49117557
115181624995.20001,49255422
514760007422.10004,49294614
219477291502,49456632
31457181852.760002,49512921
23377234855.08,49520832
115577628300.4,49649415
41044840396,49690500
14143033726.71,49692501
24260012039.14,49703928
52384051881.4,49761216
101158719669,49825848
22361199143.4,49903743
2076437991.5479999,50028891
22952234208,50063982
224124847410.5,50066886
27787627603.210003,50107452
162821734763.5,50248287
145557074428.19998,50448909
19817136177.12,50712963
53249422329.81,50826195
8372069386.589999,50863464
13028923916.52,50880045
23192479710.399998,50890581
15591085245.14,51040005
68572800003,51182835
12928653371.699999,51223446
21193219063.399998,51264609
41713720659.27,51307356
2435626457.1740003,51385338
27231766465.05,51416334
25240061814.75,51419796
11216335344.66,51439560
25831101394.800003,51449802
34226688811.32,51460737
179360363692.9,51504717
9331907274.68,51667863
17891121289.8,51979752
22280909729,51986826
123718635946.8,52034091
78564821769.40001,52038858
34316193385.209995,52170843
151663132097.2,52209513
14191263894.64,52225758
135447334050,52229079
23145569522.76,52238745
44243782143.12,52359171
93214538014.5,52384437
38639644184.7,52394832
107293723058.4,52399647
9791500312,52408314
27546295011.69,52408653
11209611140.640001,52417632
39554410947.87,52459785
9398800001.359999,52542567
79073596465.59999,52545588
23587055382.91,52594809
106491123156.6,52597302
2106866761.011,52714845
57534656266.25,52720926
78917276076.79999,52727268
15902353278,52739964
95223042926.09999,52775859
142802742009,52780788
28463757825.6,52792122
134862816682,52803666
130661715714.5,53005935
1123191014400,53190894
133187994439.5,53203791
33216736872,53236662
133361213748.9,53392155
19831771121.34,53496360
19284113141.12,53521308
11968060096.49,53561976
108635790484,53567190
33594213171.1,53569200
25276004068.589996,53574354
75891068352,53606004
35591738675.4,53677494
101403255216.7,53715651
13929432530.72,53716317
15573086729.199999,53726991
37387666073.34,53770761
82507995923.6,53852238
42394356879.6,53868615
62543809744.17,53876256
2381050082.6,53997654
67735869493.4,54005979
14460218975.15,54017532
30608122924.800003,54023826
22221501402.100002,54024135
63334318703.5,54049866
26452673423.08,54053967
30584548224.85,54065052
93870299654.4,54074430
265116980345.7,54251019
187522067456,54430707
1123195852800,54443352
27679103409.749996,54536616
40916883029.130005,54568587
137749200632.4,54578058
163384419783,54590289
32381026770.780003,54590604
58386472739.520004,54696189
70981162703.4,54698490
43327465562,54724671
129381033177.20001,54739950
22538588007.9,54764175
36948570001,54799344
36117086596.92,54825819
34703862520.32,54840816
31123201938.92,54858945
24490504369.100002,54867447
24394458108.239998,54878907
129546888768,54887190
42522709186.52,54933849
81729187184.4,55007181
107055958918.3,55033356
82812488070.4,55038294
14591969271.16,55040331
2587644386.626,55147851
76132637957.59999,55163109
88023270838.8,55168047
20410366607.359997,55173210
119633839514.9,55189530
72876689589.5,55206663
7463229952,55210338
27293103110.670002,55223355
26926617840.920002,55223682
28813107466.440002,55236720
13676045891.980001,55268202
118548551166.3,55297461
174837420680.1,55402206
188107754208.19998,55636218
1008188732772,55758069
75903781237,55776453
50076971669.14,55792539
134287465036.8,55796256
117965161911.3,55873203
25225407630.079998,55905408
25011266037.56,55910070
9907213062.88,55926270
124352113940.79999,55951917
32129597645.72,56066508
13036272053.970001,56096871
14822137990.08,56103972
103249952661.40001,56107257
26916346462.199997,56147019
83449066918,56235867
29979366963.799995,56242797
93601918800,56255778
94339552764.59999,56272110
2055036048.3000002,56377770
174337715739.7,56378844
29013957950.000004,56379771
57473992450.55,56386962
14762803914,56397060
36397000285.92,56404341
23879163528,56405052
8124325861.47,56426028
66422361259.8,56434062
26066529628.5,56436831
28630983622.34,56448660
74083071811.2,56480445
141780260871,56557734
142737193552.80002,56994756
21747391992.24,56999490
156012532200.2,57000636
117387338973.99998,57066456
21265465992.45,57083718
30473108884.32,57101388
34348242178.86,57108762
131389006272,57152112
161601752930.80002,57166248
53295618820.6,57262665
31802473179.899998,57289941
93119256157.8,57291900
31304494744.600002,57348729
75002907716.40001,57415968
112247639238.40001,57463524
2778832923.4379997,57569370
55340570844.409996,57573483
23359974091.52,57588060
17953698326.280003,57597468
14377279601.37,57618135
90635798299.2,57621834
26690204265.03,57628491
144047621015.19998,57687120
110813216220,57690390
89667070242,57824154
204242206014.59998,57888312
72043422143.40001,58028547
148698806456.5,58071456
189670708348,58092291
111431861136,58169910
107495784112.5,58172145
200698693152,58207839
69108316033.59999,58353420
119260275484.2,58356411
63792118940.6,58358064
25267874767.2,58369224
53443860508.8,58478766
27996222612.4,58514742
76697749800,58515963
122302253479.7,58521990
67768266182.4,58641147
48924049426.6,58668420
52802408239.7,58669092
98825103437.40001,58669308
84974923372.5,58678782
48747400110.299995,58719618
66325328480.4,58801461
1783171764,58809732
24780490497.420002,58812297
39392799027.58,58822605
70472632888.20001,58836018
23004086000.04,58851279
25570410953.77,58862799
92421082745,58863264
68203986786.200005,58893045
13676984844.75,58961274
1122425856000,59281521
123840455459.70001,59408361
118244946561.6,59408532
24548475992.690002,59539305
119957091993,59571654
73469782392,59586390
25523517128,59590251
24170840721.3,59600319
73555099531.5,59636247
53709756271.100006,59682321
16317603443.25,59721033
105390311733,59724504
63949005550.08,59742681
13857848392.300001,59750514
32067879522.980003,59796231
46763397087,59898276
99002343000,59902488
2512058931.935,60047544
19707438495.88,60066372
14442522262,60104520
26490650557.25,60116934
25966824339.42,60140199
3845020915.45,60679938
65541283577.1,60783081
26037933842.199997,60851499
27447733159.2,60878487
23760887768.1,60889914
67959539930.73,60924792
19839541496.45,61012467
308239637892.6,61156236
38262057782.1,61175199
2376546263.666,61304346
14422370439.44,61327284
785172679.758,61341600
26581666011.32,61372350
89901233755.2,61406010
63409762890.4,61425882
125043000960,61428933
134187886897.8,61554504
89314591939.59999,61583625
102549364494.5,61730337
26920441490.399998,61899420
27186040752.66,61908609
91879528493.09999,61956060
24242083879.65,62016057
24768931255.2,62057277
25854481184.000004,62093694
97162326648,62171655
19664534568.43,62180565
22948919461.899998,62190786
70789604961.59999,62269416
103691174676,62352894
30506080994.67,62370639
1820633781.8760002,62484324
28395068509.84,62559567
27438971734.8,62592954
90062401212,62603043
190089565432,62700339
64195537991.200005,62808549
16787568263.75,62965857
91489217799.6,62966487
80028932964.7,63154908
25059798933.68,63232224
85895101952.40001,63307218
41743352587.52,63359286
26085174655.74,63374682
196807757093.2,63488229
29436335811.12,63506559
14217856987.96,63518328
28703113584.539997,63524901
67307997312.5,63543237
19065408293.82,63623934
34243156042.2,63652098
1754677709.95,63661362
45749474248.95,63667296
25149834822.8,63690531
38781043116.29,63733047
331394279760.9,63845469
74071784354.40001,63882243
539591537223.2,64095660
1121259628800,64151169
216676778672.19998,64357965
189489210179.5,64518753
187607283072,64670253
26788869946.45,64675779
179503411738.4,64829379
72947082622.5,64888596
1932091325.619,64940898
15322207933.2,64963029
236020341133.5,65030322
233159271041,65246832
16682389141.779999,6530633
39737738441.200005,65374380
20550788082.68,65398788
25232778552.78,65420511
26607143283.84,65957556
1120539052800,66088059
863950752000,66167214
138383645260.80002,66173955
1693387669.948,66232635
2844765828.996,66242079
129053179569.6,66270933
28630354952.91,66306597
217325498820.6,66313062
152757104082,66346419
237755927864.8,66547302
40864735931.799995,66568098
118435374103.20001,66649230
125435132324.7,66709341
160529251304.69998,66718602
214379662008.49997,66756888
90296708701.5,66757131
13182809802.04,6690644
15983712017.199999,67268430
44162794694.200005,6807359
6852269520.719999,68812815
1898473235.4,68932743
16763268281.25,69545063
25670188810.24,69740097
25334631686.67,70044960
8355664185,70089054
42250474002.19,70241001
13277797735.6,70259802
8300943251.33,7068446
18260266517.600002,70852851
6299286157.8,71074155
12009548875.8,71204529
2656699924.8,71494638
20558391665.85,71551878
216528933767.80002,71738034
25175593715.440002,72354525
17141215655.62,72517605
45659065504.759995,72659553
25053632160.48,72856761
88230315391.5,72898209
8389129107,72916974
1706810316.677,74344530
1584442944.0200002,75917634
25584284109.18,7709162
1544302070.367,77345745
40521758881.5,77485599
29278039462.559998,78103920
43781986253.72,78277797
48542573053.44,78309834
2674221028.869,78663705
81682528796.7,78703603
673763387.568,79916298
42620617614.299995,79949619
1744853442.9,80308305
3223348588.12,80501724
9732565400.32,80540466
25332244433.55,81589086
17008287962.400002,81776019
961098357.6,81953196
28650600400.5,82225848
60953284911.6,83163918
1436655728.976,83511708
14606321501,83744544
35390504342.700005,83752089
1688693673,85093077
84387931722.90001,85414544
49288199107.4,85888622
44700707885.340004,86517257
58267220226.24,86552564
2845617629.7999997,86729210
38981244024.5,87581439
1877950326.329,88231335
118703557793.6,88627938
30581885618.699997,88818990
37665835784.100006,88982703
27476663985.389996,89405694
1545494809.9499998,89737749
28485617862.600002,90275856
49698311924.1,90708054
190174937593.2,90881682
40014658976.4,90891294
8814311860.400002,90928929
12560798664.88,90955626
1576786577.2410002,91221297
25359238572.28,91237203
69141950416,91732878
19620136864.800003,92046816
225397027672.2,92389194
24522068457.5,92398554
52087834076.520004,92562561
1476008690.2,92727357
15517326312.179998,93322017
23882659450.2,93563784
6695625263.280001,94097379
2201175366.1019998,94254876
168531405656.4,94277487
91118169344.8,94454787
19886728464,94506966
36332258596.200005,95043972
204841705163.7,95391099
46152703071,95472921
22009866210.62,95524962
47414253534.06,95539098
25624782258.04,95560725
41864716393.34,95665281
27711011084.399998,95716332
1326281417.188,95729010
27639198963.25,95734686
197206866248,95779395
38662740862.41,95852880
189015410256.90002,95961741
29772217326,96061314
7768487047.200001,96181080
29177310931.030003,96309318
31997578823.21,96557151
30660670060.579998,96745566
18270210585.78,96805344
118109094004.8,96822402
26765338292.28,96932658
18583620030.93,97016112
40608773951.2,97123986
44758220357.69,97196727
22818244424.08,97202910
107252170641,97214841
46037745987.2,97217634
56089339450.8,97309872
1437237369.22,97378209
228476054188.69998,97432449
34908799223.94,97438053
27178323612.440002,97511586
11298854493.85,97638405
33159621604.24,97755153
45396762652.8,97999527
47644840750.08,98092218
31484232461.219997,98198361
41818435987.67,98320773
224131398925.5,98324088
28400075334,98401470
17585293138.219997,98474400
13171498330.439999,98485707
57274627353.68,98506449
32284077714.629997,98519388
38891918199.159996,98574006
22552257220.710003,98628222
1774385945.45,98647188
7281715446.5,98704230
46114308906.490005,98760570
49951644395,98918793
17476211368.7,98939973
17638482822.05,98987343
37412157853.64,99222786
10862230535.98,99382494
18129542551.899998,99436464
19133309262.6,99646929
17921563412.5,99845523
