33526548538.56,100022088
22205236433.16,100075860
1622969227.2,100092231
165744887462,100137264
221741624376.1,100139850
37066030911,100209774
10703915363.75,100262475
54000298202.840004,100301253
149595688755,100317471
28523358051.68,100401009
29602361066.780003,100630299
130600407459.6,100747878
23365690708.6,100789635
15926343855.2,100827891
53734759032.12,100937412
157806289811.09998,100961421
25033008132.69,101032170
261778496599.40002,101054586
2887408859.9100003,101103633
50844087009.100006,101111259
190653828975,101123571
26459463166.4,101203749
12969311222,101264931
28216517312.25,101271876
26218400607.36,101383536
1921439736.8760002,101449485
94089398596.8,101453688
128691895519.2,101480004
100781732077.4,101481765
40016238515.76,101559564
11831878322.74,101619453
33055158904.32,101638515
94205816775,101643597
10000432047.300001,101650788
9658457473.5,101668686
236374990381.5,101676612
52653910825.5,101716305
8414391832.6,101857563
3071844055.55,101871345
38705351082.99,102004068
30436015144.999996,102210078
17959610057.760002,102233529
7949924412.5,102342129
29409545503.08,102412842
218888205908.1,102516336
79388896408.7,102517311
34284610674.300003,102589743
35830585486.549995,102681327
44324116983,102726843
7305303947.83,102763911
152264685948,102871749
42851507932.8,102909255
44037703034,102946992
50787440769.45,103031016
22189487265.699997,103054365
45623517345.43,103091505
37002180338.64,103131639
257026632480.8,103149264
183558226097.4,103183089
8553826443.599999,10319051
9789425168.18,103281264
4765342489.5,103294353
31745425653.07,103360560
47898698225.2,103542429
28721255485.199997,103582791
73586296799.2,103610547
27280926671.94,103756152
87023553852.59999,103786260
190916519060.4,103853349
28889809495.36,103876281
29774080117.05,103914537
69043537695.3,103938969
22708443636.190002,103991523
52658968825.56,104030124
35275939450.78,104127630
22216639607.760002,104177553
194271543020.6,104228703
161029041272.69998,104236623
22561021929.600002,104257341
35181586921.83,104308773
43976679085.85,104399625
25807284611.55,104400396
2091447350.718,104412453
35163195112.4,104426949
244657184835,104435757
8993233607.529999,104446452
11467731820.35,104503341
289823184471.6,104506566
19930401684.18,104627700
17678913927.55,104742177
15819888996.84,10480439
43320503156.58,104907924
36448351099.2,104926623
20412139307.34,104982399
142298134003.19998,105008310
204857243188.8,105085365
23918590323.8,10509407
9912973118.4,105136836
61539220227.1,105144333
18368104794.969997,105170727
23170192503.289997,105215340
48248802663.75,105264996
23780175746.42,105275466
233082813261.59998,105293337
24150129253.26,105299835
17811495819.600002,105367062
22622552801,105424403
21301690760.11,105454787
34905184866.759995,105469562
23321393618.16,105482474
40143997434.6,105577055
23036367525,105621263
2909131758.486,105644192
173778029051.19998,105674225
22256410728.16,105712343
39610736874.14,105769253
23299985154.239998,105857870
140226387991.2,105861029
10672170165.88,105869057
45733731814.560005,105880553
136926980867.2,105882020
27249878026.000004,105899738
14695643354.490002,105925310
59644929141,105941843
19317183623.329998,105970265
16886328948.449999,106196561
59164204416,106310138
50117124552,106375136
8248581882.99,106387724
58714687886.4,106436867
24434952942.33,106530671
18477581044.78,106659971
24007920530.600002,106771463
262396428465.59998,106802699
33850248886.440002,106861853
21987164960.61,106920161
16343182298.1,106980056
38083003651.71,107068838
9176142031,107111363
1732069626.404,107144678
132424877988,107185118
216916181875.19998,107196959
19572456126.600002,107220431
39420106391.67,107274962
167969370718.1,107384876
136952291496.90001,107396888
23076903017,107411081
9828006704.44,107433134
57523245242.4,107458334
19729452703.5,107487827
44402010076.55,107531591
20199787357.62,107721803
42024285217.4,107883203
15588356903.32,107912549
71438961104,107913722
15820784144.140001,107952596
53472331526.4,108007157
22506506337.41,108032252
25056867509.909996,108033251
34463908151.36,108149753
184899731950.5,108264161
26788397166.960003,108290141
11441956561.14,108291185
200970770385,108406703
16088201065.199999,108418511
18944195947.809998,108479459
36745353406.08,108491948
21149558799.36,108507626
40843376997.74,108608510
2126263746.015,108719600
27992130406.4,108731216
85054586625,108751226
206327824172.6,108785570
23014493452.04,108812564
54131599009.92,108841358
42447302353.08,108869930
156989386723.6,108974552
138553396927.5,108990536
30510250846.1,109009517
16655924775.839998,109030517
21929864586.29,109082948
605728888484,109176812
651978782373.6,109176836
1487391509326,109177055
16693377026.84,109311437
14374556410.9,109442828
57619316877.48,109471379
47555918441.01,109471895
34617707415.06,109494659
23773225612.5,109495589
34624645384,109500560
29654330550.840004,109518374
62973586655.200005,109530632
24213356016.35,109639847
104713042688.79999,109663199
35098740134.64,109703486
66179410997.4,109712168
52521101432.94,109735580
5149071083.23,109740353
59679712009.92,109743677
54212484173.43,109764476
32310523169.89,109767608
24536130937.5,109885475
234181431032.4,109948913
44161511263.76,109976912
22867475477.1,110038448
257417180404.8,110042873
130619569452.8,110087630
47028225522.060005,110088677
166248864898.2,110161403
34662274197.45,110185568
148817306585,110291195
23802132820.3,110346632
35400160078.14,110400071
209248780120.6,110528279
17341877607.18,110608559
625512732264,110630141
25832212671.2,110745326
37287268466.4,111058574
112725497096.2,111087704
8728613049.48,111138101
23834269471.32,111161282
167834091103.80002,111167486
30336312174.63,111200357
43543623543.74,111267446
1036359187200,111274388
192818630734.8,111394394
5484152020.956,111487517
48401576784.600006,111553310
23510368875,111598481
44557299879.97,111623984
27023743952.399998,111700106
42043228619.490005,111787088
40301459566.5,111874529
1539933592.6450002,111902753
25354707881.920002,111920342
168880103084.8,112078721
26706160104.96,112240553
22001486305.73,112300235
41416810294.32,112575278
207119225634,113255252
42823954223.6,114411422
52953820315.49999,114724082
18780682527.18,114847829
27810935078.88,115387619
18415359224.64,115477223
157335181687.8,117138866
49244609857.47,117205028
14028810823.92,117759434
25700850254.07,118301933
15311795988.480001,119253944
3623289768.708,119807768
4419396458.389999,120170681
20386903867,120491429
27178499066.399998,120888038
23238849124.65,121066751
36187640822.299995,123424394
22114471140.05,123782711
18953803768.719997,123904883
33652999837.44,125034038
198711817272,125733266
36129281709.3,125762138
19047394411.350002,125837483
3535843793.971,126144548
32335271212.88,126773606
184446323947.5,126785951
7389758431.320001,12713165
35117181048.42,127172936
67699793341.8,12729434
1385599018.232,127520738
70889320511.64,127852832
6642570488.96,127882148
11194536919.04,128866682
5897781684.5,128896535
25275399772.199997,129432779
171695312756.8,129540245
56655090752.4,129746810
36059979752,130024913
30339734496.3,130645157
54375537469,130828079
270371969838.4,130851968
4409403711.512,131099708
221753069308.2,131539604
15803931337.15,131880782
27441152607.2,132127208
34402896762.299995,132966317
88655293735.2,133247189
212642797555.19998,133643945
57524701792.799995,134037761
23351225970.780003,134287211
1072696309.531,134399024
170389710572.19998,134618909
108340047286.8,134662703
237922667544.9,135012149
37584427827.1,135121829
79136289141.7,135618779
22804519344.75,135690767
193442627728.5,135770369
26590983998.6,136075085
17964318244.36,137324063
29962950136.600002,138480797
33848061399.3,139161104
91406946798.09,139365470
35175217559.799995,140207243
33825623852.859997,140523029
22179987645.579998,140932874
19532517207.030003,141154855
21357758823.809998,141357421
232161652421.99997,141653584
37834931016.5,141657442
42632400933.2,142077877
1069090151.895,142179061
19269962947.2,142630770
144756376365.6,142761678
16235330517.58,143012454
29758960886.319996,143373867
28080534942.899998,143520261
21398017626,143685783
66055650261.5,143947722
37969522149,144405924
74396089275.2,144965784
22901450907.2,145232136
28730603429.800003,146308071
32791276162,147524724
16153713877.759998,148533558
23932505502.399998,149131047
36967132541.7,149761455
1148157447.426,150394785
19306553198.46,150538761
22399197897.51,150824406
271738502202.3,150879192
104129750088,150958785
13260297730.4,15131579
35816563901.3,151584714
25845800450.199997,151658892
26431326054.18,151718925
232908191613.4,151888953
34804739455.28,151902795
123489315583,153167256
32081000728.9,153610047
74972829292.40001,154046715
22638079509.58,154426083
23580085657.649998,154884210
192352295509.30002,155108928
37687344504.56,155580300
201766151640.5,156321561
41112095850.94,156757815
22627459174.59,157085424
5947367020.488,157449495
1250323272016,157620810
12197055380.640001,157976850
1036290433.58,158635383
85522219312.5,158721813
18367099525.260002,158839320
18469949323.72,159075633
391892436037.2,159264708
33256161162.63,159368139
70333632996.66,160028613
24027137740.41,160125084
35321881969.26,160194279
232758370680,160600113
49643149521.28001,160761948
188289529840,161863509
107084906921.1,162104043
204511934655.6,163094718
19568723738.02,163495956
28027431371.52,164101971
222127155488.9,164851644
48347506743.96,164877246
40537659480.8,165232665
142711470462.4,165583206
284505284505,165770949
46454514226.3,166239990
23147154653.399998,166615587
76434836309.33,166644465
80687332930.79999,167057985
80663638100.25,167173878
44221845850.2,167576391
6080585583.23,167700885
1419058834.3920002,168078789
196433410328.4,168413445
328803794808.5,168524865
22870243347.32,168611127
46696222092.73,168915717
88743033864.90001,169271259
42425048563.32,169348578
23660429018.8,169638822
141100467535.6,169732143
137942583191.69998,169740783
40870339544.3,169948359
346017761237.39996,170013708
44171251809.6,170253114
85269581020.8,171267648
70386232009.2,171605559
289957391788.8,171623832
35928572122.799995,172998843
157470052782,173698962
45064937545.840004,174322107
170170290161.09998,175060617
356333064438,175334712
47026697782.44,175665825
22544062206.93,176025957
43669822387.95,176160282
288966069170.5,176500140
20271499090.640003,176500218
47056693608.29,176962992
2151839216.285,177399132
217790548258.4,177732882
23116069566.34,177870402
34990771874.76,177896217
46338418947.909996,178143585
28159941508.3,178716417
23952271906.999996,178773372
225313825356,178942098
38954384209.88,179059548
37044620442.5,179290323
25194744032.3,18001126
53418895796,180698037
167877354785.80002,181352016
34613429201.200005,182048925
45109551067.24,182441463
161916835083.30002,182666547
128232923807.4,182667264
14224487428.5,183206229
106851199078.7,183682308
244567684787.6,183811269
31148364883.36,184078482
1444205213.4720001,18433936
33878890537.280003,184349244
14740520083.88,18448144
24780907411.31,184646100
13207276633.6,185101509
13207248465.6,185101512
47583147624.4,185533671
67434093397.520004,18575620
18302850572.579998,186152661
204403335099.90002,186195564
156034043524.5,186214272
180995624310,186292701
2994922589.22,186356805
42752401864.25,186625674
41450610420,186741165
148613642213.4,187158042
22771965120.57,187182048
34570219754.55,187243116
39019596693,187248942
66469103559.46001,18725419
160126062276.80002,187317324
68201723908.5,18742261
19748561259.7,187770972
43709627562.2,188135274
143819201072.8,188819859
129628876540,189098289
36317671338.51,18986341
14457474995.25,18992434
209858314787,189991623
21107495829.06,190452420
82212470819.59999,190879218
24745601679.88,19094734
44020287128.76,191090883
321646225152.2,191174802
74364803385.6,191502285
22223253849.36,191918829
338587169293.5,192286209
49302295812,192557907
22990721307,192833058
2037647295.568,19316092
81174281960.8,193457439
22659529332.899998,19349095
459238285863.6,193508658
37096051903.909996,19355497
16987615259.16,193556934
73145531177.09999,193888242
1785631535.181,193934067
206138494731.19998,194011038
22753424057.04,194321829
157254055350,194386626
68999245933.40001,194449728
59333212658.159996,19450225
19563578662.600002,194579085
49166000325.119995,194582751
72182102407.1,194828058
75405919249.59999,195061134
17220274752.87,195664683
331788327148,196657716
124996311180,196742625
75979792274.09999,196985679
142843114167.6,197068962
61952538586,197092710
55244782781.6,198196860
398153836121.30005,198208335
34651592313.23,19888876
16281159082.32,198917031
15562352220,19895215
240533505119.3,199515726
43355916212.8,199835937
15717226764.960001,200761071
22930777330.26,200981694
24059447350.98,201091959
8271113981.76,201130740
61565419652.49,201241956
311028463594.8,201254268
23351634349.05,201623637
136003068001.5,201639264
1552205563.083,201861342
10748286190.800001,201934518
171904484805.19998,201984585
146941455105,201994221
212425252279,202012593
231012838290.9,202018947
1370808220.549,20203411
23621193792.899998,202097949
14311958740.640001,20221162
15528622678,202270785
289670435750.5,20238400
22718500070.690002,202622085
191605073532.8,202682076
124535412176.8,20268889
26033527951.27,202733616
7728796234.56,202739352
379427341484.3,202900512
40869296934.93,202942209
52213877178.4,204165966
167286217338.30002,20420833
42177042284.399994,20423353
79938428343.59999,20517217
43542321714.16,205348251
127034599568.59999,20538520
254258495512.6,20541724
148583107764,205634961
235070329098,205753419
19489918086.600002,206045298
169205962629.6,206344740
305721598611.5,206442087
68737538824,206522583
21805011091.5,206728182
41533454748,20685784
23157134005.5,206876853
332104118040,207138105
53392458787.579994,207439425
2228094868.172,207625926
193149511003.8,207767217
236143361410,207823911
14889390086.2,20807746
16812935526.349998,208109943
168182649087,208478559
39554434721.3,208708716
49144484441.91,208968279
34111943728.600002,20913688
198664310577.6,209598354
2959051270.24,209605929
52330186017,210174921
23741270609.04,21047848
17635261841.56,211342323
2064238817.1350002,21143110
119125786612.5,21163987
171091696371.6,211676841
294943214846,211780524
27015841814.01,211802427
14490169256.76,21192616
140085368341.80002,212756832
194945205621.1,21319852
14410971829.03,213218139
51390504200.520004,213496377
21063460363.47,213623427
2760357099.336,213665313
35872732425.6,21366847
191699683066.19998,213807114
240303763461.5,213852681
108409205977.09999,214042632
22923527702.039997,214049313
12970908472.150002,214270566
11017446613.8,214270602
21355333497.809998,214420398
39557137292.44,214626720
74520592982.31999,21469963
432318080792.5,214745805
177320541024.8,21478363
43087089915.5,214857537
56166987424.38,215746164
266267644341.9,216092781
121696088851.20001,216327336
17096261391.849998,216577578
169569118698.30002,217130862
60595316632.8,217153569
12859679384.83,217263030
217397456533.7,217372974
192829265250.6,217385172
34767492641.840004,217408473
7809359285.219999,217478142
14798148240.72,21748819
22941792258.56,217540602
21969234864,217563747
35788512500.840004,217599330
290968872904,217610226
13410413174.4,217612326
49851573007.740005,217696197
1630990628.4810002,217788831
266854720505.80002,217812780
218347418881.5,217824309
22949384251.96,217848963
19717556096.63,217904694
158775392884.5,218018337
22702439863.95,218018433
29451661258.219997,218031096
39490494739.92,218043246
296535044043,218079597
43499368502.16,218146116
182753608217.6,218278047
149274761532,218312733
7881137021.16,218415021
207688000416.30002,218469597
13916788451.999998,21862681
194324984196.9,218811993
314714045628,218848155
10938120386.8,218897838
219664753574,219038964
379774671001.2,219092325
6607246358.65,219125913
24032751887.24,219193467
45025232961.25,219221772
76199684349.3,219254019
417337834674,219312954
42892573950.4,219349053
3733852244.4960003,219427419
39388039741.44,219447468
139360953871,219447819
4706018547.421,219449076
22204843983.670002,219505416
64771857734.38,219533418
17823230482.5,21960220
24229641354.1,219679815
29944786995.81,219694794
135884967637,219698946
4656440976.32,219822747
34987575272.65,219977307
54477665209.4,220129524
87287663381.20001,220284897
35744388246.799995,220431222
314727265200.4,220454523
138786438018.80002,220534917
321435703600.2,220588737
184987557022,220772196
2013340354.192,22079803
311273929886.4,220801305
16851634208.5,220869828
49463219343.36,220954368
13003744736.4,221004924
339725970399.2,221028663
17433685075.53,221089254
40893387926.9,221151540
1872332988.4710002,221172081
93801009233.40001,221179215
46486502651.86,221197845
84728020523.7,22123006
296786148393,221235126
85441463160,221284695
169251154994.6,221446026
19768860490.05,221503650
408697430436,221542530
42414713105.6,221563572
156465125172,221718474
60268694331,221779119
50124402223,221839836
221055832024.19998,221881641
89345127393.59999,22189433
50028596759.61,22242182
453536226768,222687366
87651670498.2,222705387
23719036351.14,222819513
25577695241.4,222914250
310275868770,222933009
2477443030.4760003,223132665
188005274865,223184556
22563064191.36,223237515
378460189230,223242771
228091919996,223310868
25965426563.7,223311450
23113587774.15,223436124
177650846969.40002,223462122
32547800622.59,223470954
322128128851.2,223520310
47439858155.82,223613043
412239277937.80005,223958394
55599723167,223998981
149847250066.80002,224055123
59001485346.600006,22408790
34634945374.98,224228187
99348901320.8,224342055
82086368746.8,22448588
171919269783,224501055
281900675060.60004,224535483
191117451086,224781234
262070282650,224783298
22596919380,224969607
2197088124.07,225224508
143803141800,225280644
45930029323.95,225294615
258932022632.4,225317106
43502839874.7,225408063
8881270274.57,225502578
1918056772.632,225517095
2939223555.894,225530541
115212574596.29999,22555121
39545958667.62,22557065
56317615066.7,225614868
223915853070,225627030
234612464368.5,225627270
351601861114,225656491
40300981367.5,225740781
53376732113.799995,226125651
228655966424.40002,226131003
541840029494.10004,226150323
67459100288,22642766
135844467701.59999,226492956
50191419186.399994,22650446
227399184068,226509954
26527740491.7,22655045
25406141946.9,22672493
356522135608.80005,226772733
314126235466.89996,226818036
58281613938,22684247
15798357489.960001,22695923
370030676546.3,226967874
207585489899.30002,227009823
167978998926.30002,227016507
17972744103.54,227070234
323163437081.10004,227217381
88701877606.4,227236014
52149146510.01,227307171
42127825504.259995,227310828
28358897465.5,227370825
3268523314.232,227486130
103224227092.8,227495649
288737856475.2,227528118
66329688101.600006,227603919
68483511131.07,227639265
61869004916.4,22765991
75551289882.64,22781096
31608380167.2,227864067
411797411797,228006582
44989926158.079994,22803599
45080092272.71,228047739
26095496414.26,22805660
31508080945.199997,22805891
1529588952.858,228185739
254463860344,228284733
361930773452.10004,228453141
8847206941.32,228524253
325609929634.5,228812094
177514054544,228822546
73921542368.01,228943401
64690021691,22899056
39497864500.71,22907162
280574664346.8,229137372
238656339064.5,229199637
264941006772,229218327
308595851564,229299459
12095211142.12,229315863
382587613740.5,229330339
40612664720.46,22933085
15913218500.64,22939430
88711472586,229397757
25346861729.28,22944128
250127805025.80002,229463079
212748581295.6,229529460
41377403812.61,229566291
16364307262.32,22957529
155621680696,229590327
106992962928,229615767
446532848410.8,229634685
138927569600.7,229696704
23708509165.34,229739562
88416349952.4,229769271
42938537163.939995,229792257
151506757458,229792854
320816979606.9,229816296
14030993542.4,229847667
17527217600.879997,229933026
257217462990.6,229942716
164876949564,22998506
250056800396,230020158
1979275301.892,230085012
267685455064.5,230182347
58913643776.00001,23022932
365096408328,230291115
23626123510.08,230306952
381732023169,230339229
2351541637.65,23038292
89144160562.4,23040422
127279165948,230460660
11575062383.9,23049845
15212965345.470001,23056670
37808018600.73,230582886
261027208821.6,230591619
59396536926,23068637
21884286717.789997,230698056
316791615629,230736993
1379951031.354,230945007
296819560944,231180039
289056814051.8,231226014
114705206402.8,231261489
55425608490,231334155
205728156487.19998,23138855
46922654539.32,231547740
60486192072.200005,23173499
38399660297.36,231936804
340930772830.8,231957681
66719137356.71,23202932
30739045900.030003,232224402
36505343413.89,23231444
250907204348.8,232433418
30252256574,23248805
29652527435.65,232738350
450128057148,232931994
360304693424.10004,232985994
21440085023.5,233054523
17280567790.2,233121996
135246537792.59999,23313155
505654073173.19995,233361129
309198855182,233366340
64305732711.99999,23347847
177231741855.3,233548611
1123164057600,233563791
23695475497.5,233689182
99159787862,23374577
270139943985.59998,233796258
41025345028.8,233894481
2615021514.5160003,233970404
55271404918.13999,23402756
279442166253.6,234141805
38943247083.9,23422085
509309407447.2,234244815
248548045422.9,234262048
1120832064.82,234384491
140908244954.4,234495357
358160405318.8,234815965
54727125482.98,23485562
184289769664,234876390
555386833079,234881312
281128938366.5,234951812
266217633448,234997267
5893288589.615999,235136330
270410683096.8,235208443
138113162208,23522093
120570204969,235231481
405536393562.3,235356804
30265476540,23539895
40639185764.87,235502012
290949520446.6,235617465
101485166596.5,235666148
20516357854.3,235676766
36704370923.520004,235711214
457886318744,235812239
23221180521,235841306
70173911723.3,235879105
65057788155.96,235885217
22372604545.760002,235996240
272401486694.4,235997407
2096039013.2759998,236060869
40862111403.84,23612024
23385534432.46,236137229
19053021361,236191093
363103393497.9,236194257
345401057949.1,236208760
7076045955.030001,23626343
28627815691.44,236284456
23840654162.57,236293069
24910132218.93,236339554
2735365870.86,236406453
275151604438.8,236430237
6291293304.891001,236502561
276819003448,236608350
55593000656,236665799
31638931620.899998,23669660
344498095039.5,236810999
209301593741.40002,236822092
67063595650.99999,236853342
17827609467.25,236907547
408494187810.3,236913997
15436083340,237114928
551715365443.2,237120068
318572822828,237143992
88288359644,237189126
73952614723.56,237222411
176152501330,237251402
302435332678.5,237296682
16470036149.91,237319452
189134061538.80002,237341623
56313135851.7,23744033
36108888480,237452373
315243143638.8,237462379
18477508413.14,237522322
383639680347,237539460
5088687747.839999,23761421
1647550185.0080001,237628094
133066862910,237644234
17422206625.440002,237695330
192658051026.59998,237806204
42052365037.8,237898963
381486226289.7,237933167
26798186928.84,23794955
36016104448.799995,237969264
125015750887.49998,238053332
256468975005.59998,238096472
22743363955.16,238114441
375575051607.2,238147496
284996849940,238340426
290163783440.1,238353043
453556678153.5,238572384
209286616050,238618082
153782349391.30002,238713784
87270654366,238728277
64523664405.899994,23874968
194866311785.59998,238831486
22454475402.600002,238949522
29544723018.239998,238974776
107084476896,238993175
279761295323.4,239036984
91270407904.8,239140128
301081830142.60004,239190400
2402402504.8840003,239240548
35353870399.36,23931884
21099475296.42,23931938
22439865636.38,239368294
16007757954.44,239436076
460649921298,239438581
296158257705,239445319
39862563191.55,239549989
218754471897.6,239643619
38081927997.9,239677315
395497022748.39996,239710987
51590717512.2,239955727
318093520783.5,239985877
66326769518.4,24003599
162793211630.9,240149704
90195663178.6,240203836
2003473802.951,24022643
263994029572.69998,240267175
291625437437.5,240406699
376085287323.39996,240489526
61231867389,240538819
7685917867.33,240567145
296973640843.3,240619882
27504966931.5,24062132
310126194266.89996,240701860
24166960495.260002,240752836
31109080078.89,240792061
25370818953.059998,240818614
319576154436,240935869
27813447934.539997,241038832
176379087360,241063237
43687567160,241115983
124582621285.2,241131781
291498789435,241149049
3122735302.037,241224178
224153827848,241292002
40858957557.799995,241292068
25274441814.27,241312012
24787446529.1,241376641
60787978130,24160253
160077192092.4,241646560
209797973456.8,241675342
347196992719.5,241686904
44856230861,241764124
64066229669.92,24183353
1713737975.5319998,24195971
305087793226.2,241960774
52388121349.67999,241978651
376949490033.7,242139112
319582263689.6,242192570
358608645494.4,242365965
33112217979.38,24237977
303234094882.8,242386077
26939480012.06,242476847
159102039532.8,24252152
37056328929.5,24252641
283084226467.2,242555441
9580367250.3,24256412
307047623119.2,242662946
795996118.225,242720867
166082037465.6,242737922
276435695707.60004,242788394
23467210308.64,242806691
25366429701.48,242968673
26077824922.949997,242975846
24421890631.44,242987699
117989570918.4,243017591
77106227329.56,243050066
310427647954.2,243097220
13181110056.15,243143300
59548214798.37,243330218
188518904886.4,243332378
285125364439.60004,243407084
78456306285.64,24358985
202339364210.2,243610445
68401415186,243649451
283446287938.8,243663143
211617380910.6,243925322
168697475987.6,24399005
28949023219.28,24401831
164294949382.4,244047725
448034989236.80005,244166750
230586112870.5,244434764
1985423635.948,244500386
150893541758.9,244638305
402801054274.9,244647014
114142244136.90001,244718435
54671498760.42,24474926
424756891987.6,244955525
446327221967.39996,245020160
86905340684.70001,24505790
214314586467.80002,245158163
368498006419.6,245272652
33548320488.52,24533120
309489282504.89996,245608502
162135335246.40002,245841119
33280310912,245906138
321579698124,245922653
228044064915.9,246063866
179177239687.5,246142106
298654985558.2,246391589
1670816781.759,24643394
2489216935.711,24644357
1945058188.0180001,24645071
330326897811.4,246497807
17367858330.24,246633248
266942548257.8,246636647
55577974189.79,24667508
15837279047.13,24671453
33796877598.840004,24675932
386571711052.80005,246802484
1703453030.802,246873179
331507486287.5,246967718
7295712690.21,247031840
414503637172.80005,247112927
122399929271.40001,247186679
188486960071.5,247230545
60863152195,24733425
32785437530.16,24739359
535742160964,247451267
15699994485.699999,24759849
228111546355.19998,247815122
275774379243.2,247837373
26836930336.139996,24783966
162556801984,247938065
359964319520,247973132
192926610835.80002,248044940
144535901955.19998,24817566
319819933736.8,248207084
46087607001.28,24828495
359501212692,248460266
319664689930.2,248682503
62072193677,24875262
1351102450.263,248764472
37018758988.200005,24881085
32313328045.72,248811038
248020744060,248814554
27791528141,24889818
176800200405.5,248899346
355761589265.3,248984951
192839393913.59998,249114569
130115855070.00002,24926196
428106265642.3,249327023
134038188859.9,249327920
31411288434.5,24938559
217766643340.90002,249469499
26058337975.219997,249482630
336781973980.4,249615404
179832521299.19998,24961746
327490167033.9,249765326
390768767320.8,249873395
303903850928.39996,249992282
59863045162.5,25015347
24273062230.78,250158536
57942196276.23,25025964
1985136928.2,25026450
490283628840,250322645
322080736093.2,250374947
258640181048,250472327
22282959344.28,250530644
46863519204.5,250548923
23443749768.379997,25058013
1210251819.139,250694576
24535288688.47,250744646
32294919267,250761110
151348075674,250777019
4489534587.384,250777424
32470503400,25087557
336639342591.5,250947272
122310698633.1,25097721
171883814524.80002,25111956
105805221357.79999,251150951
314094549228.3,251230472
42477544237.92,25161423
341198094328,251618681
21035336075.42,25182948
311862989728,251914706
58074691549.28001,25191894
26410877090.72,25199121
70539022512,252275681
201757113360,252287555
3475406519.5,25237515
148116010767.9,25242333
403952928165.60004,252445508
72525372348,25253295
218064261676.80002,252547151
181830254368.8,25255185
48592801273.5,25255881
321644988348.39996,252690449
994772944.188,252742232
52238307207.799995,252744893
32612709147.960003,252811388
91861000562.8,252853757
296547148273.5,252875666
277804166855.60004,253195205
506905640376.9,253320179
100323108333,253347296
280284204200,253544018
60298938979.200005,25356885
466741067555,253669382
5871146834.5,253765382
126096274057,25390503
285324162868.8,253912487
68830315033.04,253923494
28366286998.100002,253924916
133757498067.2,25399560
15923704856.22,254051951
339698713365.80005,254073248
13961734145.8,254116568
205726344168.30002,254268845
350904210800,254421317
65037618783,254425112
257513291847.9,254536367
22895180482.56,254574278
142801527960,254627873
1336245107.885,254729336
29051719337.34,254790404
49629480224,254887061
380749947413.5,254978837
67373381025,25502355
36017904013.98,25515273
249696720425.69998,255309269
286599843455.5,255611414
302723208832,255860000
15930893778.800001,255955784
428900031622.39996,256053647
37402830567,25621188
280333586426.39996,256279283
38912603725.2,256407041
793051303.996,25646886
199335288978,256491680
10689102192.96,25654260
113372383666.5,25658790
1933882559.6420002,256610078
31174364108.100002,256666790
26731591035.87,25672170
295002740505.89996,256729424
396518449680.5,256818395
268782550354.5,256945133
105124001735.2,256959713
199199705045.59998,257014478
314748728322.6,257256461
253187379939,257353508
328279886353.3,257484449
58809457577.8,25762699
276888483812.5,257681816
60344776723.5,257739050
23751089811.12,257847473
289640650942.3,257917370
132227102934.40001,25797231
201782479471.6,257996705
132705831315.2,258001304
87071546016,25815123
309717710892.5,258155705
23925208400,258180209
71335852900.8,258215978
225114688347.5,258218900
2748755551.919,258331916
26010855804.399998,258365660
26592412346.72,258379919
128813687437.20001,258437408
313334318656.8,258787928
39881605307,25894584
326626560190.7,259057886
160504606350,259199498
118125326217.59999,25930965
282992207322,259330919
175453263179.5,259422404
21011629502.079998,25948110
246827369520,259518689
227020524357,259541639
72811062340.2,259623905
184106021825.59998,259746752
213180344958,259784660
27162988814.5,259934912
404567588024.60004,259942979
1320465484.224,260121443
406583365924.7,260261468
269098995662.6,260298635
165682689946.19998,260527388
3734686235.9040003,26053845
65252488585.5,26055510
265054286632.4,260591462
18407987728,26079579
274693186404,260861063
188125731649.8,260939795
101469405876,261041942
241381596532.19998,261074351
275395321891.2,261193508
138806919312.5,26135907
243199097279.6,261462149
175305980935.2,261584882
275307596774.8,261600776
192975673318,261703229
33426611413.4,261732356
22713462777.600002,261761948
248531261613.90002,261839864
323844874378.8,261858944
2027879208.98,261910841
29187646801.68,261942581
25892477339.829998,261952817
23536663008,261953705
190599133419.30002,262003958
21533900025.149998,26207823
279194764000.8,262128977
344556344556,262371014
177404741206,26264733
92449373959.44,262748261
78587740734.1,26275209
320997856855.5,262786631
17817019019.86,262862267
162926598817.4,262876829
474756270265.8,263010911
275610618276,263018468
11626722777.6,263112479
276966747808.2,263176580
106439854369,263222555
266433261034.5,263247113
130425947961.4,263373128
20746843991.18,263401589
314284996610,263525912
16945754764.470001,263604380
48121883766,26365329
223384787256,263666375
275647921837,263759789
1979978969.9640002,263825621
246057098422.80002,263903645
218125975558.4,264163112
68078532882.42,264266036
201533621634.5,26426625
294387297991.8,264359261
306993368391.6,264553133
239663766921.6,264776591
355919879484.39996,264897209
136232811872.3,265127879
410193492231.60004,265146464
28145963771.879997,265231970
264944741843.2,265323746
106280600462.40001,26543973
264407983045,265456454
44358870844.32,265529822
11815858445.369999,265606757
372154813922.5,265631462
308089033374.2,265689236
1628114512.432,265755149
15054566429.31,265791959
273123472606.69998,265800686
65572232786.100006,265858322
157927284268.6,265965431
306407696364,265988498
248434571398.2,266210915
37627660680.92,26658996
238729291779.2,267005318
131355374736,26703192
14779582440,267180254
472364850255.2,267380255
254050330265,267648386
222389868059.19998,267753374
6359091918.048,267925406
294747171055.2,267930452
189056098499.40002,268018262
216287173029.6,268019027
36138250618.8,26803095
1265568035.529,268059035
100114640729.59999,268070087
31283871505.460003,268194194
294117615354.10004,268233032
18416096385.36,268253996
239684396820,268261457
38210863087.75,268303067
321743155664.7,268352837
234784291306.5,268403801
24858493990.24,26850012
286734982012.8,268700201
510756021510,268729121
127973850363.3,26885715
491106834880.2,269050304
442409574290.4,269077301
185938919195.19998,269280215
396246950990.39996,269303198
13174143867,269350892
35665560347.67,26945046
23166218582.77,26947857
397894297212,269635982
18105863392,269818739
122413547565,26983242
21143754350.96,26998338
257726041131.4,269987132
567736747037.8,269997191
424374230681.7,270283838
517188499500.8,270316526
308238606607.8,270446465
18921826343.75,270450362
154282837690.80002,270622844
99254441125.5,270632393
2479810934.421,27087381
127734557153.59999,270888533
104592970921.8,27099330
178173290980,271100624
243714340421.5,271167353
95960608410.5,271285787
20741536549.2,271397576
82086444283.20001,271430483
6242710273.83,271604099
512719871622.3,271607642
430425347252.1,271635233
140459294304.9,27164160
134130063756.00002,271703270
46108904942.5,271833968
401477095024.60004,271874675
441474178591.2,271918262
85344365102.1,272067092
252131421036,272169056
102732085758.40001,272226788
91221607705.5,272252207
305733157914.4,272286371
218516480735.19998,272417675
14012146038.869999,27243303
45821215258.56,27248532
15567693295.76,27254925
297501176430.39996,272573552
102894131983.5,272603456
126026973027.99998,272607815
234685229488.5,272610497
92635268020.8,272742089
304507334957.7,272800334
217017710939.40002,272861648
97620197404.4,272947349
179509121519,272964602
74473488430.2,27313440
98606496391.20001,273314780
183666092627.2,273323321
391661681585.2,273326306
92143628428.8,273449684
172906311230.8,273473630
230265147389.80002,27350319
325121251180,273670373
253456430875.19998,273672326
918160714.752,273679688
52555534068.18,273735878
4444243324.3,273839012
227652026085,273962933
84525564084.29999,273968852
382144713208.19995,273969527
13598126925.45,274071227
59997656058.98,27412290
41867423520.840004,274194710
432301138589,274279577
91370777236.2,274323338
736497945980,274360259
118537339080.6,274465475
377629981835.4,274656113
176183071734.5,27465741
87586167258.90001,274668545
476458527925.8,274693166
166440961556.8,27481461
257964456049.4,274836617
111683545446,274850219
231024442212.9,274855436
97638500379.6,275029790
380853417848.4,275050505
222756623716.8,275061269
121236690289,275198789
304738542891.5,275285090
280228868780,275313596
94115457920,275385728
135969701607.6,275395070
369407952622.8,275432858
90073671407.45999,275590355
92187739162.5,27561900
142974244660.4,275751902
89718186099.6,275757278
386396660610,275763035
688824345600,275911931
142851035248,275943467
262125786375,275987639
233558896094.4,276050819
96287864310.79999,276128009
184610245267.5,276293198
271463936170,276399104
226877059245.6,276410513
104051757000,276490118
126651181374.2,276636485
35227497411.619995,27668061
294935954840.8,276747059
332924829837,276750650
102083294913.59999,276848161
123051234636.8,27703416
416078331446.39996,277166423
97944609364.20001,277212476
30522288167.84,27734757
113847976088.8,277360796
21545416348.17,277512437
179905799040,277525811
97436656698.7,277593161
972288666.745,277700492
158968736210,277742417
233446606959.59998,277790564
164265042782,277862357
98947953483,277974350
195878055500.90002,277994039
231623659596,277999892
58473253093.600006,27800907
61269932165.600006,278020568
9581795865.72,27814527
28932423634.92,27822903
240184810129.4,278329409
94285264021.2,278365091
641436373305.8,278397806
29462583605.950005,278474831
84697581415.2,27848565
108714197352,278535437
232043390022.3,278700686
33980127963.66,27870834
100551803828,278748119
35786084498.200005,278875088
28825709732.699997,278909000
261256895497.2,278920247
304432922528,279088811
10902689201.14,279092306
216973889589.3,279103709
52105968925.71,27923370
163292080709.80002,279242705
281550843634.8,279333251
368070067400.10004,279429176
98269883646.59999,279446846
107274232665.6,27953172
115208114437.5,279586997
331897796552.8,279663815
96507116812.4,279770474
298773089631.89996,279999719
266482611504,280133375
113920344244.2,280134494
106038746352,280179401
18061974197.85,280373153
142735177832.8,280375313
386827696288.6,280486610
97581245718.3,280543367
221453845149.59998,280556393
3513203068.272,28057254
89908844068.40001,28063524
2005766803.2,28071576
21842711851.14,28073562
285783600828,280736285
9465678592.39,28080702
36265696209.6,28084662
267969198501.6,280888916
102300881043,280907360
220591034848.8,280913789
10711026518.4,28101135
229969047618,281051528
214933524852,281077124
133729946050.79999,281090216
309161597478.3,281224697
136731806723.59999,28125324
106648469512.2,281255720
124955775242.5,28128300
138964315494.9,281404910
134694120341.5,28140645
157917888341.19998,281406572
257935420256.40002,281499593
186577671677.2,281571137
303434821917.60004,281573618
109602832363.2,281593166
93390469549.4,281734199
266045558694.5,281749238
277722665662.39996,281799572
101069956572,281921621
89562178840.8,282001019
48677306379.5,28216422
319249331374.8,282221534
487675926038,282232322
98093414010.9,282258800
736805406176,282337826
14300359374,282390674
431084879729,282622094
54966056640,282642992
388511293781,282647285
1156757590.016,282713012
169753965079.2,28274964
115726767600.4,282794630
58933706400.9,28280130
19774627090.16,282806195
296315829682,282840191
97645105941.59999,282978362
162385210197.5,282979799
209287106177.30002,28298184
275363617303.2,283001288
163578489835.6,283099994
99988992584,283337318
327849229200.5,283662287
99328151821.5,283673663
35307193127.72,283739558
62375181085,283788629
218253968213.59998,283836167
40691315920,283858547
49965557869.92,28389306
338611656966.4,283921328
98367803408,284004329
269646620185.8,284023379
32959410819.530003,28404255
148454854575.3,284124419
233521794752.40002,284208134
101870758958.4,284337386
148351463660.4,28435473
15228417844.16,284363504
642476027960,284370734
100135322798.3,284484158
13036183452.15,284513936
67415169640.91,284589431
46994823164.520004,284616920
179735723235.2,28463244
102566198060,284658374
98589995078.40001,284680910
401002090179.60004,284694488
24269644511.68,284768027
27665587315.52,284769857
192283249833,284847596
107976266203.5,284877944
39180336010,285002969
295325425735.2,285012227
100295034495.1,285058046
22896487320.3,28519920
19152362286.42,285233525
742596595200,285273554
54682304641.8,28535553
416464540913.10004,285366177
76826025544.8,285405136
107514219224.40001,285422353
351011265782.8,285426775
84669966285.6,285601216
252510530271,285654565
135975834720,285835147
24184246069.760002,285852595
133539891874.4,285892582
198384329166.1,285961795
309404784618,286120237
119913356040.7,286131148
57389765899.71,286248886
211626510290.40002,286271128
241286651472.19998,286295785
15130262843.52,286329808
305399725831.2,286461415
63960049052.200005,286483249
23522590145.739998,28648752
279144809517.60004,286685233
140545851564.8,286685920
55155487825.1,286750966
111094354751.9,28680903
335425287135.6,286831891
96489247969.2,286921141
42253410075.89001,286964773
309734734504.8,287073538
244862668974,287186092
97515784537.5,287194036
26878973768.82,287349775
20972934431,287419675
400108120299.6,287458849
260347499312,287500873
152045014413.5,287543743
7936994019.400001,287563492
74277045227,287636944
20026212940.8,28776879
72844954432.59999,287915104
278550453982.8,287918047
172015246453.59998,287930218
64873220459.200005,287941957
93840072853.8,288212914
89131630355,288291994
38338222368.600006,288298882
739889683200,288388222
144711810965.7,28844442
145329575894.8,288487321
88278767357.09999,288668821
335378353750,288680761
12883436119.26,288911899
149275447957.8,289009558
450097426485,289019152
33236438150.859997,28912698
146331439228.80002,289158103
26517778109.030003,28916571
191718555982.19998,289195195
314233205146,289281109
51802750008,289325476
95451432300.40001,289354369
89147908072.5,289360243
22582708628.48,28940382
136916020736.09999,28950585
77623124124.5,289512688
25189067255.72,28955394
289294983599.60004,289582891
16384896340.26,28962714
120232587959.4,289703374
403829824608.7,289732312
20361461162.4,289921564
107747470504,289928422
230889548434.5,290003932
212306636918,290039089
97262810298.5,290053387
15977760135.72,290236519
742816742400,290301985
466677540030.8,290365294
312497781177.4,290383186
99671002910.40001,290400652
153075645504,290402458
49278884945.68,29041089
3119234124.7650003,29042862
170264791637.4,290508805
178454481825.80002,290576800
109398835373.6,290731987
149670553779,290739673
93429790340,290749519
74045251621.74,290763196
12620638245,29082483
308747617494,290985391
85481696972,291085399
241285669402.69998,291104932
170551335201,29124498
105756602041.8,291287371
302230928951,291444778
6533445276.629999,291465148
79967589235,291515089
338578103723.2,291686191
317732035145.6,291759682
85123144617.90001,291772189
242511544102.4,291912883
356768927596.80005,292038235
97972732908.59999,292120834
326703136320,292141045
136365658902,292245277
140488533854.4,292253257
126894493633.5,292327501
21379793200.04,292353457
80763635260.2,292444027
329445645118.1,292481188
1371036299.288,292564255
199280458344,292673038
257737685596.2,292789300
7251674260.35,29280930
97634281063.20001,292812703
142334711685.09998,292828141
127731460789.79999,292933021
224267291547.1,293037529
95312140185.6,293046847
142239715617.1,293073769
14923335562.199999,293157454
365974611222,293165545
106347673674,293354881
33969403872.43,293418757
86594344928,293476162
287275309065,293487307
219014620696.19998,293628895
81218791749,293780362
311527236712.8,293794129
117153766422,294003457
46496898641.600006,294092746
79002688128,294122203
202614007410.1,29451663
81494573340.6,29454261
120433866257.8,294926920
31840131413.870003,29511354
316706405253,295194025
84953125838.4,295335733
96184624132.2,29539347
248604082652.4,295399375
55407372416,296205139
247093792128.3,296206753
494184433130.7,296236045
742392345600,296343595
181197416753.1,296373421
81604725833.4,296522557
11648126774.29,29652351
165224754168.09998,296539318
341808400487.4,296573827
245618564921.4,296721412
128246720782.4,29674890
88095663258.5,296816701
339144985358,296833774
195457784188.80002,296854969
265617610919.1,297015106
65821034422,297110587
133830030950.09999,297115213
27315707973.800003,297127603
327441256681,297158833
263111552157.30002,297413074
95759077911.6,297420922
17060780300.65,297473353
156787360610.1,297574324
30274994560.649998,29762877
329410308024,297633634
85289225949.4,297691744
58986609585.28,297827872
248396192296,297889329
3338397508.05,297894642
1199751515.82,29789838
59145711756.549995,29792010
80800068247.2,298000857
320417197410.3,298019598
116818060553,298146405
239237649515.69998,298194723
56679566756.89,298194849
126607750341.20001,298209471
65144407436.1,29824329
1208606157.28,29824386
329751630187.60004,298267788
102767067487.4,29830026
75698082598.3,298303902
279774469160.39996,298338147
1936399860.892,298431249
100363186209,298592016
345940462574.39996,298635972
13489490896.2,298638075
85833704149.7,298640595
168815071224.80002,298670877
330200221736.3,298696752
69044796314,298953507
162515555928,298973760
153402208029,299003766
58383933860.8,29901198
58202929443.100006,299063715
17920320194.91,29906982
77254968648.8,299133033
307924850461,299234172
46079305511.5,299242131
80096052946,299258094
19892111582.72,29926182
150482620728.9,299275995
127871043358.4,299280195
4980738486.912,299367558
24712525820.85,29940876
86522755370.08,299423883
20779235103.26,29945592
162683953614,29949480
294837800932.5,299612109
278964176095.5,299858031
5658858156.8,299946192
502820061553.80005,299968575
443452498742.8,300258627
124863739155,300320454
13297840867.079998,300347580
24900578587.17,30037554
62456230724.28,300451431
3206060394.592,30045777
293798616975.8,300469212
74904334987.2,300505191
12957540698.960001,30053499
85464766236.79999,300546606
214055097625.59998,300550905
13643463117.12,30060555
142842546061.69998,300645633
203783264432,300649800
26302728960.84,300656124
39378403770.3,30068937
338928933294.8,300768807
56802596478,300798861
350357414447.80005,300833613
133303263475,30084678
157921803383.7,300851088
149234846938.80002,300924129
390150285803,301053498
85030827135.59999,301097469
379076624678.39996,301138830
484267935064.8,301339419
72297549570.3,301378203
164275815805.6,301421886
65810984197.56,301525803
44966753693.799995,301617432
63056506053.5,301630629
84542398274.4,301666173
175167980141.6,301687500
46769705642.07,301812711
202892078932.6,301865109
27691999002.97,301878639
87040595034.40001,301906017
43407151958.799995,30193203
59758148182.75001,302005590
238560699298.69998,302075871
73436748878.3,302108979
56837740860.56,302118414
172760708775.6,30212058
30641733958.399998,30216789
27401140154.280003,302202909
53792584989.689995,302336454
53659196411.86,302425726
41198867943,302517352
43981921292.5,302537899
135983005628.4,302978587
48674083557.96,30308394
256949661520.19998,303122254
55043148275.13,30335589
195638415112.5,30378327
158228554346.80002,303795076
55955519109,304074505
84238543465.5,304102858
28296545284.72,30443784
8625803670.82,304623163
98431575852,304691983
155739929546.40002,304835551
908535409.8399999,305502748
253205572506.2,30550686
130948857336.8,305715607
177935905323,305853019
16410583974.6,30601158
13609985873.27,30606216
47759734495.13,30686970
18338285822.34,30688791
99617460710.40001,30717837
3513759821.472,30874269
18202339181.34,30887019
23570341831.8,30894828
12141718883.18,3122424
182426232891,31257561
195963734610,31624089
162525882243.30002,31812564
223585478741.9,32265354
33875219922.5,32388682
14652992984.6,32396638
40876044035.86,32417923
5094724764.65,32419534
92101375891.7,3275792
26854911429.569996,33025741
51496096130.4,3322418
808840438.809,33422905
98882052864,3353448
60025280679.75,33577300
165127566190.4,33601351
22172635301.46,33606646
8259502531.139999,33613249
13882600846.800001,33626692
67767900485.6,33685072
54597426292.1,33738769
22121813280,33946966
210347030567.1,33949768
44171943299.4,33951952
2918521914.448,34017346
10806460050.1,34022599
24613396015.030003,34033357
152357297118,34039798
27305054576,34054540
14143400196.02,34054585
36191348231.630005,34061260
126332520777.4,34165144
156053891232,34175155
68235903611.7,34281838
170947707840,34318036
17385752734.31,34422316
16022153680.76,34426060
18308437866.39,34530793
16869823848.55,34538887
11560056536.8,34610467
22347092094.199997,34628593
143378689043,34656946
7687976868,34675309
164724910804.8,34733356
23588070862.370003,34743622
55292916204.9,34754521
6683583408.840001,34757077
31642064408.46,34817368
2907022351.968,34823134
11744189969.6,34833016
23940124748.15,34839373
165593972260.80002,34850377
23954528650.77,34861207
45102652686.98,34867714
36820010465.1,34870192
70762096795.5,34961044
141483695527.2,34985455
138095131996.8,35002228
217865942945.3,35012218
175217598693.9,35024098
53808495033.6,35059654
116347449081.6,35122324
133963035644.40001,35128411
194221656463.8,35148631
18020695700.07,35149306
18465218185,35262532
147523530820.8,35263816
24244276192.5,35382688
13920665503.27,35473072
12633534744.32,35485516
65377773333.3,35485786
38367600306,35486623
20805518451.18,35490658
13137039950.130001,35499415
30677609145.5,35506429
53673431352.4,35526751
370453137247.7,35583889
13651789038,35588899
46584941579.049995,35603404
115195563352.4,35607724
114792532176.59999,35607784
29618649306.88,35619325
3448550008.464,35706826
27927189391.5,35748826
345897270992.4,35764444
80704626369.3,35765047
12563992638.029999,35769649
88701264405.59999,35860333
128307715770,35870863
13150776126.15,35899432
11114776501.9,35903938
7425350212.5,35906983
52172464806,35931460
45264695017.52,35942254
150354987336.80002,36003949
25057144426,36120835
177333938058.9,36137299
57642618622.99999,36166717
39846710391.3,36268774
46308182644.75,36282010
14576985393.75,36317482
114926344087.5,36321445
82471224062.5,36421714
15147352822.499998,36428803
22022077492.8,36449938
98594624064,36457894
68165836248,36554626
27048891553.879997,36562660
25288246625.280003,36572893
84734034946,36589765
5139818100,36591949
27868707480.390003,36596227
47459313215.68,36602452
2776099089.537,36688906
76135829480.09999,36693175
7758898079.250001,36695407
25072273118.96,36707287
11842518142.470001,36732799
29683096489.8,36733201
108291415547.4,36734581
1123220044800,37034236
192342234523.19998,37043425
27656993999.25,37104820
74141406401.40001,37121317
52533860621.64,37141267
13178927377.8,37157359
19023788720.75,37158967
28756467421.920002,37164322
210166853606.4,37193452
255293259704.1,37232488
91998798408,37253353
26216558132.8,37287331
115695493488,37292596
22851763513.02,37296214
349762742306.4,37365472
68791214446,37379851
13441142256.11,37388854
57419199348.6,37401256
62193816997.2,37409344
22125959205.36,37410163
14044118889.57,37420003
29404475642.88,37427602
55890142354.8,37447477
387403359960,37492690
36556696725.06,37501330
71703882696,37507762
13852281056.220001,37517284
14188338396.79,37531672
92894007843,37542481
26731101817.68,37546579
38803274258.64,37549480
373204006340.2,37621750
3415179107.5039997,37634824
73400937369,37637596
27882041659.2,37654750
9144265139.15,37670197
87089921182.20001,37672378
25767330321.239998,37678516
76406032346.4,37885084
36951761929,37960722
1123217971200,37963146
26387525110.949997,38028227
87325892111.7,38049407
12536674375.45,38057234
31642813239.809998,38063522
82826173260.79999,38084324
64401730536,38091182
360551557797.2,38164847
93215965046.40001,38187212
7524200643.48,38216438
96020939628,38222591
95217142062,38224649
112792437318,38247161
33370113783,38247902
361309935929.8,38301014
27229651080.87,38315723
77869029225.6,38351006
89356008379.2,38362463
12936448309.099998,38370458
63158639806.8,38373491
389868977604.4,38443826
26977296098.79,38449967
71440416702.8,38458871
85739179160.7,38492729
52444624379.45,38506436
170186181617.2,38520686
379145216226.39996,38577887
32100121985.519997,38585555
40710093463.48,38586632
44486051417.25,38598260
174773749882.2,38621696
106537988190.6,38637872
134452466306.5,38773622
206673090293.6,38795489
142222367646,38919032
83637332591.9,38926682
1123218144000,38947028
32248773297.12,39028124
62417978441.95999,39044069
29855703457.44,39051671
29750918089.860004,39062039
94091143610.09999,39083954
152625484191.4,39117683
151910979983.4,39137891
242424479550,39176588
58404307533.24999,39185921
39331745533.2,39186794
99508196290,39234329
26054257737.3,39236432
350846665362.9,39327785
69084538602.3,39345449
91775940071.2,39351872
13803175981.079998,39375293
19685177176.05,39382919
12294532668.039999,39393617
113727431879.9,39397151
15559962094.890001,39398129
140375118729.6,39451358
30899651854.32,39493205
13447277536,39502457
73441989969,39505160
12786653327.36,39516677
26870021103.030003,39553430
43177095091,39560351
20907008119.53,39562358
462621909913.6,39651548
21517918107.35,39656960
2418325919.402,39659234
58177376373.729996,39666872
8654850552.3,39669488
26301008944.999996,39690521
71671050314.7,39705311
9501050696.2,39709817
23445630495.56,39719309
13852708597.8,39720161
21979718560.8,39728816
193135211223.2,39784469
213907696999.9,39834947
10397195343.48,39862742
171459207654.69998,39905237
1123220390400,40056032
94017998278.8,40154966
28918110760.109997,40163936
82004743759.59999,40187177
27266919732.96,40199027
88617240233,40230293
18955600277.670002,40235966
109345148112,40322705
357913011948.6,40329656
66638908288.799995,40347473
13371865014.400002,40378928
79052582374.20001,40388156
24597668023.260002,40397711
143232348453,40494266
386381908601.6,40495391
2258939979.75,40512191
77716410710.4,40515551
9183001738.68,40522373
15735410710.899998,40527170
23254269158.09,40529342
21478347964.23,40543157
76441646400,40549256
19468307783.079998,40549913
39418414917.68,40567613
391291382921.6,40658240
72955050817.5,40676168
10954006656.93,40686446
13384033555.83,40704992
14553123670.300001,40705358
78123510049.2,40714442
36911935440,40723226
48294707976.99,40732139
380617958227.2,40821671
28572147252.000004,40828466
3264710244.3,40838867
39959182625.84,40841900
11916620763.84,40853534
16238001781.68,40863734
82608316509.3,40881482
22440993082.14,40891364
190691243865,40900523
697731207.74,41042454
16120465955.25,41049621
22365151744.829998,41059497
1123220736000,41230995
28244002508.550003,41336538
70771101700,41356674
92895136839.90001,41397960
33321977435.670002,41409087
104402835618.8,41454186
372515396691.89996,41497527
36538722176.85,41504766
131252167292.40001,41549922
13070640150.449999,41555883
21396067399.489998,41556123
27123919473.54,41565717
79373947810.5,41659995
118187028842.5,41731656
935371177902,41776368
34607109372.65,41781981
13017978181.06,41811657
109105145654.40001,41815875
128594770759.00002,41820321
19809578556.6,41828388
50670514685.310005,41837973
309473949652.4,41838213
383625442013,41920452
1724841591.502,41927952
72927615324.9,41937300
16874156748.779999,41955717
9002410687.2,41973024
22829455604.61,41982486
103073576006.40001,41983623
37154091872.17,41992902
66688890763.8,42095250
291907959787.4,42176439
1123220217600,42342480
203405997960,42469233
18966201965.31,42503391
75785962033.59999,42548076
87127635288,42634269
44407417032.96,42650751
25060325198.920002,42660051
20432509878,42680580
20768181123.3,42691008
56506163012.1,42706329
70128645699.2,42807909
13764157247.160002,42838971
21328476907.02,42847314
38850959470.29,42997251
10730664182.82,43012998
108804041268,43015683
129782847329.2,43019604
19505633916.600002,43055778
21743513631.18,43068207
60506146290.95,43185648
24081393483.899998,43192863
17076600045.119999,43212984
92829978099.09999,43223943
22876642852.2,43243623
157419883249.2,43273311
154549481805,43284807
30605127287.46,43397865
203496202903.5,43398114
237336220336,43465425
171322600635.19998,43478214
101088856115,43613943
174827124713.1,43648770
51837620872.5,43658673
235867741344.59998,43665963
30885240134.969997,43757037
37276215114.159996,43774581
85915146390.90001,43812294
99769596288,43888953
24141631507.989998,43980837
14060429594.91,44025861
103464855529.8,44052195
21938507191.35,44190006
16021065392.890001,44198769
12098014033.05,44201769
25611322830.329998,44214540
25151822870.5,44226474
66865157205,44242155
39461249749.5,44265981
29056802383.52,44269626
28439909239.79,44373831
157175558560.3,44396364
103166885031.6,44398188
30933437802.8,444165
25929306156.949997,44429265
2510246694.9,44542299
36361576248.4,44568894
21228939495.039997,44577168
160384163826,44591559
106533415732.3,44595450
8995173467.4,44599887
20742977505,44610468
36835318752.67,44621490
87392009970,44673726
189187738900,44813031
16098546458.05,44837220
114095533959,44978313
204479412350,45024735
19790093233.559998,45216789
102422543430,45279492
24229798275.149998,45379557
13593636018.33,45413142
49744866326.4,45414531
21125001186.84,45424644
105843193094.7,45487488
17799529484.45,45578355
13457142822.72,45593283
173445279772.80002,45600270
19092609175.89,45601347
47383483338.1,45634509
105216571115.8,45650550
39190847990,45657123
363997633031.60004,45720558
20031680119.77,45746373
114668350653,45781959
23207225187.899998,45794127
214985487915.00003,45801348
342690700957.39996,45906534
2426947522.406,45915150
15990384859.36,45948663
107651019444.40001,45962874
169658154397.8,45968937
17071691255.91,45977955
36133931374.200005,45990429
82375010336.8,46023237
380812252990.5,46094181
128853048317,46138746
143740673640.3,46147824
409467680136.89996,46280385
70899369684.79999,46302606
73026440727.5,46303008
9240588054.960001,46531494
22693026164.27,46542783
105883411699.40001,46580490
1123220736000,46677081
25156258989.359997,46690149
47992009156,46723233
16675482728.13,46732674
47867255396.8,46767129
246962249163.5,46848741
10855209607.2,46880274
38985374210.72,46901112
80219297351.40001,46903596
15756215569.800001,46904751
19108384850.079998,46912011
19296867025.8,46936959
38243598665.4,46941096
41376654412.37,46966833
11008906769.64,46974039
32825318436.84,47073648
20201356323.199997,47114373
42781808610.86,47122422
19737467897.6,47124972
71364928499.2,47189949
2739205737,47235534
108222733555.5,47256024
33812828494.84,47261442
18888512962.8,47270055
1122826579200,47278989
19650171961.030003,47300421
174048039813,47300784
29951897989.760002,47310633
1418044158.434,47317929
88755183997.2,47364774
118383942497.8,47396367
39211355696.4,47488758
21883603617.2,47507802
58214063802.18,47763645
28651886421.6,47874669
8077647302.400001,47879550
21500278260.86,47889894
6398439250.349999,48079551
32741034367.16,48080427
17990074071.04,48090900
19393038358.08,48102105
24013086302.69,48249906
21906343436.25,48275730
12319264312.34,48304128
92819777909.40001,48400341
35947479200.799995,48430089
33035659883.5,48438663
5330360446.8,48452238
6555134084.35,48458817
18978070268.85,48482091
46304342083.560005,48489381
2519858012.3910003,48607107
35995058043.53,48621003
25577501540.76,48640584
19892637176.8,48649737
34871547895.76,48650688
9385759522.77,48674244
42499614193.5,48688851
20578871826,48699276
20638069545.84,48706815
115223558767.2,48850524
79092106341.3,48852267
41763586078.8,49076646
183676094992.5,49117557
115181624995.20001,49255422
514760007422.10004,49294614
9767292353,49310346
20392522371.3,49320756
17969110872.88,49333659
219477291502,49456632
31457181852.760002,49512921
23377234855.08,49520832
97468044756,49621551
115577628300.4,49649415
41044840396,49690500
14143033726.71,49692501
24260012039.14,49703928
19277496083.95,49713975
19941733828.8,49721142
52384051881.4,49761216
101158719669,49825848
24683700726.3,49850844
23664475625.7,49859544
22361199143.4,49903743
2076437991.5479999,50028891
14512031247.130001,50052750
25212105848.02,50052954
22952234208,50063982
224124847410.5,50066886
9250728033.69,50084475
25774982414.769997,50096106
27787627603.210003,50107452
24677415373.68,50109027
162821734763.5,50248287
145557074428.19998,50448909
26058277307.739998,50668932
22427698430.55,50701149
19817136177.12,50712963
53249422329.81,50826195
8372069386.589999,50863464
26284122723.1,50879823
13028923916.52,50880045
23192479710.399998,50890581
19091608277.68,51038319
15591085245.14,51040005
20059567559.82,51065757
49533614712.09,51178818
68572800003,51182835
23609280952.5,51214515
12928653371.699999,51223446
37010642160.799995,51230820
21193219063.399998,51264609
46197887071.740005,51272880
18808499677,51276264
279152024067.8,51285012
41713720659.27,51307356
2435626457.1740003,51385338
21828347932.8,51405189
27231766465.05,51416334
25240061814.75,51419796
11216335344.66,51439560
25831101394.800003,51449802
34226688811.32,51460737
179360363692.9,51504717
9331907274.68,51667863
174912048734.4,51731529
17891121289.8,51979752
22280909729,51986826
123718635946.8,52034091
78564821769.40001,52038858
26573499681.699997,52049904
34316193385.209995,52170843
151663132097.2,52209513
23880947922,52224570
14191263894.64,52225758
135447334050,52229079
23145569522.76,52238745
44243782143.12,52359171
3492131577.6080003,52383456
93214538014.5,52384437
38639644184.7,52394832
15314950071.98,52397346
107293723058.4,52399647
9791500312,52408314
27546295011.69,52408653
24469749091.48,52417206
11209611140.640001,52417632
23020554115,52429101
60868145514.600006,52432794
39554410947.87,52459785
42391086481.200005,52535967
9398800001.359999,52542567
79073596465.59999,52545588
23587055382.91,52594809
21829727113.52,52595169
106491123156.6,52597302
101416222633.59999,52616517
2106866761.011,52714845
57534656266.25,52720926
78917276076.79999,52727268
21551092384.6,52735878
15902353278,52739964
103599267635.5,52773909
95223042926.09999,52775859
142802742009,52780788
28463757825.6,52792122
134862816682,52803666
130661715714.5,53005935
1123191014400,53190894
133187994439.5,53203791
33216736872,53236662
133361213748.9,53392155
19831771121.34,53496360
41176406555.22,53514405
19284113141.12,53521308
27850434947.85,53524605
7200630328.620001,53535675
11968060096.49,53561976
108635790484,53567190
33594213171.1,53569200
25276004068.589996,53574354
75891068352,53606004
35591738675.4,53677494
65679273663.299995,53684622
21230936830.6,53699169
19911061039.87,53701647
101403255216.7,53715651
13929432530.72,53716317
24104755853.15,53724819
15573086729.199999,53726991
24807030713.37,53736330
37387666073.34,53770761
89075907255.5,53829087
82507995923.6,53852238
14582255795.099998,53859216
42394356879.6,53868615
62543809744.17,53876256
8913894256.289999,53883843
40391692402.8,53901249
2381050082.6,53997654
57059265170.4,54002013
67735869493.4,54005979
14460218975.15,54017532
30608122924.800003,54023826
22221501402.100002,54024135
63334318703.5,54049866
26452673423.08,54053967
22776883712.1,54063414
30584548224.85,54065052
93870299654.4,54074430
265116980345.7,54251019
187522067456,54430707
1123195852800,54443352
27679103409.749996,54536616
40916883029.130005,54568587
137749200632.4,54578058
163384419783,54590289
32381026770.780003,54590604
27153703170,54601941
36569785129.02,54616380
58386472739.520004,54696189
70981162703.4,54698490
43327465562,54724671
129381033177.20001,54739950
21605846957,54743841
22538588007.9,54764175
9322313834.880001,54780693
36948570001,54799344
36117086596.92,54825819
34703862520.32,54840816
31123201938.92,54858945
24490504369.100002,54867447
24394458108.239998,54878907
26367926134.079998,54885624
25152234964.989998,54885663
14087778998.28,54885927
129546888768,54887190
24659352810.24,54906249
78517013425.5,54918768
42522709186.52,54933849
34248566456.4,54993837
81729187184.4,55007181
29388441211.590004,55007271
107055958918.3,55033356
82812488070.4,55038294
14591969271.16,55040331
2587644386.626,55147851
76132637957.59999,55163109
88023270838.8,55168047
20410366607.359997,55173210
19837497482.2,55185030
119633839514.9,55189530
72876689589.5,55206663
7463229952,55210338
27293103110.670002,55223355
26926617840.920002,55223682
28813107466.440002,55236720
13676045891.980001,55268202
118548551166.3,55297461
174837420680.1,55402206
188107754208.19998,55636218
1008188732772,55758069
75903781237,55776453
50076971669.14,55792539
134287465036.8,55796256
17974796424,55828254
117965161911.3,55873203
25225407630.079998,55905408
25011266037.56,55910070
46932526976.409996,55912578
9907213062.88,55926270
124352113940.79999,55951917
25177723258.98,55954470
23419116344.190002,55965066
36993669112.4,56024370
81295052965.8,56055798
32129597645.72,56066508
53707018977.659996,56071176
20195560797.45,56090163
13036272053.970001,56096871
14822137990.08,56103972
103249952661.40001,56107257
27176130889.05,56118294
26916346462.199997,56147019
123760230193.59999,56229030
83449066918,56235867
29979366963.799995,56242797
93601918800,56255778
94339552764.59999,56272110
42594747922.4,56285679
2055036048.3000002,56377770
174337715739.7,56378844
29013957950.000004,56379771
57473992450.55,56386962
14762803914,56397060
36397000285.92,56404341
23879163528,56405052
8124325861.47,56426028
66422361259.8,56434062
26066529628.5,56436831
28630983622.34,56448660
74083071811.2,56480445
34456474858.23,56507469
141780260871,56557734
24805144413.56,56950689
142737193552.80002,56994756
21747391992.24,56999490
156012532200.2,57000636
25974084765.149998,57010023
117387338973.99998,57066456
21265465992.45,57083718
30473108884.32,57101388
43436268234.03,57107916
34348242178.86,57108762
195260992.974,57131550
9292939505.619999,57151623
131389006272,57152112
26025269394.100002,57161346
161601752930.80002,57166248
28804652970.24,57176586
53295618820.6,57262665
67731246421.799995,57265809
31802473179.899998,57289941
21231304900.52,57291177
93119256157.8,57291900
26952120358.74,57303252
26779500324.9,57312231
97023156594.2,57333564
25327188670.96,57333672
31304494744.600002,57348729
9199450097.019999,57405300
75002907716.40001,57415968
24144968206.34,57417243
27115769946.72,57425682
13830067586.730001,57442281
112247639238.40001,57463524
2778832923.4379997,57569370
55340570844.409996,57573483
23359974091.52,57588060
13560698532,57592239
17953698326.280003,57597468
40797349529.24,57599814
14377279601.37,57618135
90635798299.2,57621834
26690204265.03,57628491
144047621015.19998,57687120
110813216220,57690390
89667070242,57824154
204242206014.59998,57888312
72043422143.40001,58028547
148698806456.5,58071456
189670708348,58092291
111431861136,58169910
107495784112.5,58172145
39060871971.76,58188309
14487046817.76,58195227
200698693152,58207839
110199630406.49998,58262898
29017296516.949997,58304823
39086913880.08,58314171
54290855324.86,58314618
13561747526.400002,58330896
69108316033.59999,58353420
119260275484.2,58356411
63792118940.6,58358064
25267874767.2,58369224
20315226921.899998,58379838
53443860508.8,58478766
77658355299,58482255
27049318303.079998,58499367
27996222612.4,58514742
88964742995,58515639
76697749800,58515963
7560901113.15,58518882
122302253479.7,58521990
42506666700.84,58633746
67768266182.4,58641147
48924049426.6,58668420
52802408239.7,58669092
98825103437.40001,58669308
84974923372.5,58678782
15802500103.740002,58679613
48747400110.299995,58719618
66325328480.4,58801461
74823238161,58803075
1783171764,58809732
24780490497.420002,58812297
18745396388.039997,58821282
39392799027.58,58822605
70472632888.20001,58836018
9244286675.41,58841178
13770675499.68,58841292
23004086000.04,58851279
25570410953.77,58862799
92421082745,58863264
68203986786.200005,58893045
13676984844.75,58961274
1122425856000,59281521
31268609027.280003,59408205
123840455459.70001,59408361
118244946561.6,59408532
26449114691.78,59441355
100636420262.40001,59497314
24548475992.690002,59539305
119957091993,59571654
73469782392,59586390
25523517128,59590251
24170840721.3,59600319
25579128525,59612436
73555099531.5,59636247
53709756271.100006,59682321
16317603443.25,59721033
105390311733,59724504
31972531080.3,59733882
63949005550.08,59742681
13857848392.300001,59750514
26337039003.030003,59751198
99092328615,59783751
32067879522.980003,59796231
46763397087,59898276
99002343000,59902488
2512058931.935,60047544
19707438495.88,60066372
8023436362.76,60068475
16486834425.660002,60081156
14442522262,60104520
26490650557.25,60116934
25966824339.42,60140199
83181883383.8,60275250
95436963188.8,60619854
3845020915.45,60679938
65541283577.1,60783081
101963079706.9,60785100
26037933842.199997,60851499
19581165929.969997,60854910
27447733159.2,60878487
23760887768.1,60889914
67959539930.73,60924792
19839541496.45,61012467
36660749024.13,61017210
86393025461.40001,61037505
27454162400.28,61039425
308239637892.6,61156236
38262057782.1,61175199
100094018522,61186026
26163181886.489998,61203249
3539709951,61273677
2376546263.666,61304346
23148372564.960003,61320996
14422370439.44,61327284
17911427525.48,61331742
785172679.758,61341600
25342863786.600002,61361253
26581666011.32,61372350
89901233755.2,61406010
63409762890.4,61425882
125043000960,61428933
134187886897.8,61554504
89314591939.59999,61583625
102549364494.5,61730337
840062672.1279999,61774962
68148107827.479996,61860582
26920441490.399998,61899420
27186040752.66,61908609
91879528493.09999,61956060
47634149149.44,62001060
24242083879.65,62016057
4797834122.88,62030640
19258862660,62048361
24768931255.2,62057277
68189443696.1,62090643
25854481184.000004,62093694
97162326648,62171655
19664534568.43,62180565
22948919461.899998,62190786
25064485270.5,62206776
26391307005.96,62214681
51883534943.76,62237175
70789604961.59999,62269416
32627103065.600002,62336823
22221633368.879997,62341350
103691174676,62352894
30506080994.67,62370639
1820633781.8760002,62484324
28395068509.84,62559567
96504118480,62586111
27438971734.8,62592954
90062401212,62603043
190089565432,62700339
64195537991.200005,62808549
16787568263.75,62965857
91489217799.6,62966487
27568359584.48,63118065
80028932964.7,63154908
25059798933.68,63232224
21353808595.32,63265686
85895101952.40001,63307218
41743352587.52,63359286
26085174655.74,63374682
23046998416.2,63408435
196807757093.2,63488229
29436335811.12,63506559
14217856987.96,63518328
28703113584.539997,63524901
67307997312.5,63543237
26636189790.879997,63556488
19065408293.82,63623934
34243156042.2,63652098
1754677709.95,63661362
45749474248.95,63667296
34212985629.13,63680190
1115856970.052,63681177
26727595423.210003,63690303
25149834822.8,63690531
38781043116.29,63733047
331394279760.9,63845469
74071784354.40001,63882243
539591537223.2,64095660
1121259628800,64151169
1659415645.5,64286160
3695632438.512,64288965
104445383042.9,64317192
216676778672.19998,64357965
95065213727,64483494
189489210179.5,64518753
95899635832,64639632
187607283072,64670253
26788869946.45,64675779
13936508912.300001,64796505
179503411738.4,64829379
26161623780.600002,64834365
3888172065,6484520
72947082622.5,64888596
1932091325.619,64940898
15322207933.2,64963029
236020341133.5,65030322
233159271041,65246832
67867439266.600006,65260587
16682389141.779999,6530633
39737738441.200005,65374380
20550788082.68,65398788
25232778552.78,65420511
24122284124.16,65795457
17784534225.600002,6584117
19967182322.21,65927049
26607143283.84,65957556
22543984634.16,65962152
1120539052800,66088059
28381077107.589996,66156291
863950752000,66167214
138383645260.80002,66173955
1693387669.948,66232635
2844765828.996,66242079
129053179569.6,66270933
28630354952.91,66306597
217325498820.6,66313062
38859929093.549995,66316593
152757104082,66346419
345269658642.39996,66429246
108240702302.6,66430617
240104336214.4,66546093
237755927864.8,66547302
40864735931.799995,66568098
118435374103.20001,66649230
277242364543.80005,66651741
125435132324.7,66709341
160529251304.69998,66718602
214379662008.49997,66756888
90296708701.5,66757131
38621120296.5,66761343
23691723103.34,66874008
13182809802.04,6690644
15983712017.199999,67268430
44162794694.200005,6807359
24829942021.079998,68755776
6852269520.719999,68812815
5942991783.809999,6889730
1898473235.4,68932743
5914072643.55,6938111
16763268281.25,69545063
25670188810.24,69740097
7495149292.179999,69939621
25334631686.67,70044960
8355664185,70089054
9538847281.52,70217949
42250474002.19,70241001
13277797735.6,70259802
8300943251.33,7068446
18260266517.600002,70852851
62855807668.5,71065272
26058445699.4,71071551
6299286157.8,71074155
18166500518.04,71191929
12009548875.8,71204529
2656699924.8,71494638
64207801421.19,71541594
20558391665.85,71551878
216528933767.80002,71738034
25175593715.440002,72354525
75335903046.59999,72506379
17141215655.62,72517605
45659065504.759995,72659553
25053632160.48,72856761
88230315391.5,72898209
8389129107,72916974
39316762110,74118615
1706810316.677,74344530
19991508153.6,74425473
12976588717.76,75213735
21275130661.89,75342915
1584442944.0200002,75917634
2649942430.4100003,75982257
21782589637.68,75995775
115837259837,76521204
30885458343.39,76732632
18763569720.050003,76861029
25584284109.18,7709162
1544302070.367,77345745
25904305650.129997,77418297
4805815767.984,77432358
31599300253.5,77454339
104274453591.40001,77460399
40521758881.5,77485599
87848335706.4,77495061
19103912818.2,77752677
114796998088.5,77979831
29278039462.559998,78103920
43781986253.72,78277797
48542573053.44,78309834
45313491442.049995,78503991
2674221028.869,78663705
81682528796.7,78703603
26151261959.71,78923431
44128515942,79797976
673763387.568,79916298
42620617614.299995,79949619
54358916437.9,80217132
1744853442.9,80308305
19976034080.31,80313569
10077715224.77,80323649
34771642935.2,80437539
3223348588.12,80501724
9732565400.32,80540466
100380060448.2,80634538
41083808230.4,81385770
25332244433.55,81589086
17008287962.400002,81776019
961098357.6,81953196
28650600400.5,82225848
175641825239.5,82289630
945272400.216,82408388
18064362969.78,82918853
94121563770,82927097
60953284911.6,83163918
1436655728.976,83511708
14606321501,83744544
21989321859.239998,83751663
35992782200.61,83751876
35390504342.700005,83752089
34402650891.8,84400674
22563807196.74,84495531
44421831608,84603774
25502171621.04,84763938
46089619275.15,85035978
1688693673,85093077
17770109730.24,85127589
18814877532.32,85362824
84387931722.90001,85414544
118779129546,85432259
167567192740,85638593
49288199107.4,85888622
158444489607.30002,85905056
25633023077.4,86367948
44700707885.340004,86517257
58267220226.24,86552564
2845617629.7999997,86729210
35963674480.96,86735549
10476863950.47,86738905
19422925828.629997,86998464
59665186275,87017895
38981244024.5,87581439
347202891086.8,87603477
19731249532.06,87688431
23817996595.94,87908757
59126565760,87972099
1877950326.329,88231335
13845670598.9,88242246
15974916361.25,88456626
2224650535.88,88543197
118703557793.6,88627938
30581885618.699997,88818990
112993758203.20001,88867926
37665835784.100006,88982703
114920689512.2,89038236
27476663985.389996,89405694
60821766243.700005,89462958
226236638508.59998,89469627
21654199621.2,89524305
1545494809.9499998,89737749
192652872940.8,89900619
10039298465.28,89968773
77832865196.40001,89999922
28485617862.600002,90275856
7368738289.08,90463428
15987150889.199999,90545754
49698311924.1,90708054
23080475034.6,90881346
190174937593.2,90881682
40014658976.4,90891294
3496515551.46,90921540
8814311860.400002,90928929
17723832928.65,90947136
12560798664.88,90955626
118675042824,91031151
27509228945.64,91080165
1576786577.2410002,91221297
25359238572.28,91237203
69141950416,91732878
14490988839.68,91797936
115023370135.2,92037768
19620136864.800003,92046816
22061502780.06,92373186
225397027672.2,92389194
24522068457.5,92398554
52087834076.520004,92562561
1476008690.2,92727357
47398450017.649994,92988936
12616714831.380001,93061323
15517326312.179998,93322017
23882659450.2,93563784
4900850633.7,93596709
39132035824,93876717
217041541525.19998,93905136
4267615667.7599998,94050285
6963944410.379999,94067541
16851508044.280003,94089318
6695625263.280001,94097379
11747514462.9,94237761
2201175366.1019998,94254876
168531405656.4,94277487
20863743434.4,94285593
237714704804,94300413
91118169344.8,94454787
179093590097,94474422
19886728464,94506966
39626307003.509995,94509567
36332258596.200005,95043972
73202800286.7,95073705
22922679224.5,95333619
204841705163.7,95391099
30483433114.829998,95394885
46152703071,95472921
22009866210.62,95524962
47414253534.06,95539098
15477512746.32,95551791
25624782258.04,95560725
113115428197.20001,95578746
41864716393.34,95665281
27711011084.399998,95716332
1326281417.188,95729010
27639198963.25,95734686
86037477936.8,95741727
197206866248,95779395
38662740862.41,95852880
22520291367.600002,95906067
78000982059.71,95941071
10603733745.400002,95953872
189015410256.90002,95961741
10678794516.72,95975979
3140841610.5,95983086
29772217326,96061314
7768487047.200001,96181080
29177310931.030003,96309318
15474376091.92,96499566
31997578823.21,96557151
25910697531.68,96629064
155520956280,96644406
30660670060.579998,96745566
18270210585.78,96805344
5690260730.52,96808716
118109094004.8,96822402
26765338292.28,96932658
18583620030.93,97016112
40608773951.2,97123986
40532097276.799995,97185561
44758220357.69,97196727
22818244424.08,97202910
26802097386.96,97204263
107252170641,97214841
46037745987.2,97217634
22058693848.13,97222560
56089339450.8,97309872
50367949711.44,97362609
1437237369.22,97378209
228476054188.69998,97432449
34908799223.94,97438053
27178323612.440002,97511586
11298854493.85,97638405
33159621604.24,97755153
12603369902.400002,97949853
22818264152.100002,97957437
45396762652.8,97999527
47644840750.08,98092218
31484232461.219997,98198361
41818435987.67,98320773
224131398925.5,98324088
10850231893.16,98337579
119822426770.1,98387397
28400075334,98401470
17585293138.219997,98474400
13171498330.439999,98485707
45131715053.24,98496666
57274627353.68,98506449
32284077714.629997,98519388
4492918582.599999,98536770
38891918199.159996,98574006
22552257220.710003,98628222
1774385945.45,98647188
7281715446.5,98704230
71354270298,98738952
46114308906.490005,98760570
21906352685.16,98835798
168109827923.5,98835882
14215307749.839998,98899506
49951644395,98918793
17476211368.7,98939973
17638482822.05,98987343
37412157853.64,99222786
21101016268.800003,99359361
10862230535.98,99382494
18129542551.899998,99436464
19133309262.6,99646929
26757008185.14,99781299
17921563412.5,99845523
21225537402.7,99933195
38002758486.810005,99947898
